date,country,city,maximum_temprature,minimum_temprature,wind_speed,wind_direction,amount_of_rain,humidity,cloud_coverage,pressure
2009-01-01,Anguilla,Mount Fortune,25,25,16,ESE,0.0,69,3,1015
2009-01-02,Anguilla,Mount Fortune,26,25,21,E,1.8,77,36,1016
2009-01-03,Anguilla,Mount Fortune,26,26,24,E,3.7,80,40,1016
2009-01-04,Anguilla,Mount Fortune,26,26,23,ENE,0.0,78,14,1016
2009-01-05,Anguilla,Mount Fortune,26,26,23,E,0.2,77,16,1016
2009-01-06,Anguilla,Mount Fortune,26,25,27,E,4.8,79,23,1016
2009-01-07,Anguilla,Mount Fortune,26,25,30,E,1.8,78,23,1016
2009-01-08,Anguilla,Mount Fortune,26,25,26,E,0.6,78,17,1016
2009-01-09,Anguilla,Mount Fortune,26,26,25,E,1.6,80,23,1017
2009-01-10,Anguilla,Mount Fortune,26,26,31,ENE,0.5,78,9,1018
2009-01-11,Anguilla,Mount Fortune,26,25,33,E,3.9,79,22,1018
2009-01-12,Anguilla,Mount Fortune,26,26,32,E,0.4,76,8,1018
2009-01-13,Anguilla,Mount Fortune,26,26,33,E,0.2,74,4,1019
2009-01-14,Anguilla,Mount Fortune,26,26,34,E,0.2,76,5,1019
2009-01-15,Anguilla,Mount Fortune,26,25,36,ENE,2.3,78,22,1018
2009-01-16,Anguilla,Mount Fortune,26,25,32,E,9.1,81,43,1016
2009-01-17,Anguilla,Mount Fortune,26,25,22,ESE,7.0,83,25,1016
2009-01-18,Anguilla,Mount Fortune,26,25,20,ESE,2.9,83,25,1017
2009-01-19,Anguilla,Mount Fortune,26,26,25,ESE,2.8,82,32,1016
2009-01-20,Anguilla,Mount Fortune,26,26,27,ESE,0.2,83,17,1016
2009-01-21,Anguilla,Mount Fortune,26,26,26,ESE,0.1,82,16,1016
2009-01-22,Anguilla,Mount Fortune,26,26,23,ESE,0.0,79,5,1017
2009-01-23,Anguilla,Mount Fortune,26,26,23,E,0.0,78,10,1017
2009-01-24,Anguilla,Mount Fortune,26,26,24,E,0.0,79,7,1016
2009-01-25,Anguilla,Mount Fortune,26,26,24,ENE,0.2,78,10,1016
2009-01-26,Anguilla,Mount Fortune,26,26,29,ENE,2.8,78,14,1018
2009-01-27,Anguilla,Mount Fortune,25,25,34,ENE,3.9,78,25,1018
2009-01-28,Anguilla,Mount Fortune,26,25,37,E,4.7,76,14,1018
2009-01-29,Anguilla,Mount Fortune,26,25,32,E,2.4,79,22,1017
2009-01-30,Anguilla,Mount Fortune,26,25,25,ESE,7.3,82,53,1016
2009-01-31,Anguilla,Mount Fortune,26,25,18,ESE,3.9,82,30,1016
2009-02-01,Anguilla,Mount Fortune,25,25,17,ENE,0.3,80,15,1016
2009-02-02,Anguilla,Mount Fortune,26,25,26,E,0.1,75,8,1016
2009-02-03,Anguilla,Mount Fortune,26,25,28,ESE,0.0,80,16,1016
2009-02-04,Anguilla,Mount Fortune,26,26,29,ESE,0.1,77,9,1018
2009-02-05,Anguilla,Mount Fortune,25,25,25,ENE,0.0,74,4,1019
2009-02-06,Anguilla,Mount Fortune,26,25,25,ENE,1.3,76,12,1018
2009-02-07,Anguilla,Mount Fortune,26,25,28,ENE,0.7,73,5,1018
2009-02-08,Anguilla,Mount Fortune,25,25,29,ENE,7.5,80,38,1017
2009-02-09,Anguilla,Mount Fortune,26,25,26,E,5.0,77,22,1017
2009-02-10,Anguilla,Mount Fortune,25,24,34,ENE,8.3,79,38,1018
2009-02-11,Anguilla,Mount Fortune,25,25,41,ENE,0.0,73,26,1020
2009-02-12,Anguilla,Mount Fortune,25,24,33,ENE,0.0,72,21,1019
2009-02-13,Anguilla,Mount Fortune,25,25,29,ENE,0.0,71,10,1017
2009-02-14,Anguilla,Mount Fortune,25,25,27,ENE,0.1,74,5,1016
2009-02-15,Anguilla,Mount Fortune,25,25,26,ENE,0.2,77,15,1016
2009-02-16,Anguilla,Mount Fortune,25,25,17,E,0.0,73,1,1015
2009-02-17,Anguilla,Mount Fortune,25,25,14,SSW,0.0,77,5,1015
2009-02-18,Anguilla,Mount Fortune,24,24,34,NE,2.6,78,41,1016
2009-02-19,Anguilla,Mount Fortune,25,24,35,ENE,7.0,80,45,1017
2009-02-20,Anguilla,Mount Fortune,26,25,31,E,0.5,77,10,1016
2009-02-21,Anguilla,Mount Fortune,26,25,33,E,0.0,75,4,1018
2009-02-22,Anguilla,Mount Fortune,26,25,32,E,0.1,75,5,1019
2009-02-23,Anguilla,Mount Fortune,25,25,30,E,0.7,77,17,1018
2009-02-24,Anguilla,Mount Fortune,25,25,26,E,0.1,75,2,1016
2009-02-25,Anguilla,Mount Fortune,26,25,26,E,0.3,76,8,1016
2009-02-26,Anguilla,Mount Fortune,25,25,25,E,0.5,76,16,1015
2009-02-27,Anguilla,Mount Fortune,25,25,18,E,2.0,78,23,1014
2009-02-28,Anguilla,Mount Fortune,25,25,18,E,0.0,78,22,1015
2009-03-01,Anguilla,Mount Fortune,25,25,19,E,0.3,78,20,1015
2009-03-02,Anguilla,Mount Fortune,25,25,25,E,0.5,80,25,1016
2009-03-03,Anguilla,Mount Fortune,26,26,28,ESE,0.3,79,25,1016
2009-03-04,Anguilla,Mount Fortune,25,25,24,ESE,0.0,77,17,1016
2009-03-05,Anguilla,Mount Fortune,25,25,20,E,0.4,76,18,1016
2009-03-06,Anguilla,Mount Fortune,24,24,33,NNE,6.9,80,36,1017
2009-03-07,Anguilla,Mount Fortune,24,24,40,NNE,0.0,68,4,1018
2009-03-08,Anguilla,Mount Fortune,24,24,36,NNE,0.0,70,19,1017
2009-03-09,Anguilla,Mount Fortune,24,24,29,NNE,0.0,72,43,1017
2009-03-10,Anguilla,Mount Fortune,25,24,25,NE,0.0,72,43,1016
2009-03-11,Anguilla,Mount Fortune,24,24,24,NNE,0.0,71,17,1016
2009-03-12,Anguilla,Mount Fortune,24,24,27,NE,0.0,71,35,1016
2009-03-13,Anguilla,Mount Fortune,25,24,31,ENE,1.0,75,29,1016
2009-03-14,Anguilla,Mount Fortune,25,24,32,ENE,0.6,72,38,1018
2009-03-15,Anguilla,Mount Fortune,25,24,35,ENE,2.0,76,26,1019
2009-03-16,Anguilla,Mount Fortune,25,24,34,ENE,4.4,79,42,1019
2009-03-17,Anguilla,Mount Fortune,25,25,26,E,0.1,75,8,1016
2009-03-18,Anguilla,Mount Fortune,25,25,21,E,0.0,74,6,1015
2009-03-19,Anguilla,Mount Fortune,25,25,22,E,0.0,74,1,1015
2009-03-20,Anguilla,Mount Fortune,25,25,22,ESE,0.0,74,4,1014
2009-03-21,Anguilla,Mount Fortune,25,25,18,ESE,0.1,76,9,1014
2009-03-22,Anguilla,Mount Fortune,25,25,11,ESE,0.0,75,14,1013
2009-03-23,Anguilla,Mount Fortune,25,24,13,NE,0.1,78,18,1014
2009-03-24,Anguilla,Mount Fortune,25,25,18,NNE,0.0,77,15,1014
2009-03-25,Anguilla,Mount Fortune,25,24,23,NE,1.2,79,18,1014
2009-03-26,Anguilla,Mount Fortune,24,24,28,NE,0.8,75,21,1015
2009-03-27,Anguilla,Mount Fortune,24,23,24,ENE,0.0,70,7,1016
2009-03-28,Anguilla,Mount Fortune,24,24,27,ENE,0.0,73,30,1017
2009-03-29,Anguilla,Mount Fortune,25,24,26,E,0.0,73,51,1016
2009-03-30,Anguilla,Mount Fortune,25,25,25,E,0.3,78,38,1016
2009-03-31,Anguilla,Mount Fortune,25,25,26,E,0.5,78,21,1016
2009-04-01,Anguilla,Mount Fortune,25,25,19,E,0.0,75,3,1016
2009-04-02,Anguilla,Mount Fortune,25,25,21,ENE,0.0,74,2,1015
2009-04-03,Anguilla,Mount Fortune,25,25,23,ENE,0.0,76,5,1016
2009-04-04,Anguilla,Mount Fortune,25,24,21,E,1.0,79,40,1015
2009-04-05,Anguilla,Mount Fortune,25,25,17,E,0.1,75,11,1015
2009-04-06,Anguilla,Mount Fortune,25,25,16,E,0.0,75,8,1015
2009-04-07,Anguilla,Mount Fortune,25,25,21,E,0.0,78,7,1016
2009-04-08,Anguilla,Mount Fortune,26,25,20,ESE,0.1,80,9,1017
2009-04-09,Anguilla,Mount Fortune,26,25,22,E,0.1,82,14,1017
2009-04-10,Anguilla,Mount Fortune,26,25,27,ENE,0.0,78,6,1019
2009-04-11,Anguilla,Mount Fortune,25,25,24,ENE,0.2,75,5,1017
2009-04-12,Anguilla,Mount Fortune,25,25,21,E,0.9,77,20,1016
2009-04-13,Anguilla,Mount Fortune,25,25,20,ENE,0.0,75,11,1017
2009-04-14,Anguilla,Mount Fortune,26,25,26,E,0.0,77,7,1018
2009-04-15,Anguilla,Mount Fortune,26,26,30,E,0.3,77,9,1018
2009-04-16,Anguilla,Mount Fortune,26,26,22,ESE,0.0,78,5,1017
2009-04-17,Anguilla,Mount Fortune,26,26,19,ESE,0.0,77,5,1016
2009-04-18,Anguilla,Mount Fortune,26,26,15,ESE,0.0,79,8,1014
2009-04-19,Anguilla,Mount Fortune,26,25,16,ENE,0.1,81,13,1015
2009-04-20,Anguilla,Mount Fortune,26,25,23,E,1.6,81,32,1017
2009-04-21,Anguilla,Mount Fortune,26,26,28,E,0.5,82,17,1018
2009-04-22,Anguilla,Mount Fortune,26,26,26,E,0.0,79,6,1019
2009-04-23,Anguilla,Mount Fortune,26,26,24,ENE,0.5,76,11,1018
2009-04-24,Anguilla,Mount Fortune,26,26,25,ENE,0.5,77,14,1017
2009-04-25,Anguilla,Mount Fortune,26,26,28,E,2.6,77,18,1017
2009-04-26,Anguilla,Mount Fortune,26,25,29,ENE,0.3,75,12,1018
2009-04-27,Anguilla,Mount Fortune,26,25,28,ENE,2.5,77,28,1018
2009-04-28,Anguilla,Mount Fortune,26,25,32,E,3.0,76,22,1018
2009-04-29,Anguilla,Mount Fortune,26,26,28,ENE,1.8,75,16,1017
2009-04-30,Anguilla,Mount Fortune,26,26,16,ENE,0.4,77,18,1017
2009-05-01,Anguilla,Mount Fortune,26,25,16,ENE,0.9,80,23,1017
2009-05-02,Anguilla,Mount Fortune,26,26,22,NE,0.0,77,12,1016
2009-05-03,Anguilla,Mount Fortune,26,25,17,ENE,1.8,80,21,1015
2009-05-04,Anguilla,Mount Fortune,26,25,23,E,13.2,84,59,1015
2009-05-05,Anguilla,Mount Fortune,26,26,32,ESE,14.4,80,52,1017
2009-05-06,Anguilla,Mount Fortune,26,26,33,E,2.8,78,41,1018
2009-05-07,Anguilla,Mount Fortune,26,26,30,E,2.1,77,30,1017
2009-05-08,Anguilla,Mount Fortune,26,26,28,E,8.3,80,41,1017
2009-05-09,Anguilla,Mount Fortune,26,26,23,E,6.3,80,33,1018
2009-05-10,Anguilla,Mount Fortune,26,26,23,E,1.5,79,37,1017
2009-05-11,Anguilla,Mount Fortune,26,26,29,E,1.3,78,21,1016
2009-05-12,Anguilla,Mount Fortune,26,25,31,ESE,25.9,82,59,1015
2009-05-13,Anguilla,Mount Fortune,27,26,31,E,5.8,79,32,1016
2009-05-14,Anguilla,Mount Fortune,26,26,29,E,10.1,81,51,1016
2009-05-15,Anguilla,Mount Fortune,26,25,27,ENE,4.4,78,34,1015
2009-05-16,Anguilla,Mount Fortune,26,26,26,ENE,0.0,77,15,1014
2009-05-17,Anguilla,Mount Fortune,26,26,26,ENE,2.8,78,29,1014
2009-05-18,Anguilla,Mount Fortune,26,26,22,E,1.5,81,33,1014
2009-05-19,Anguilla,Mount Fortune,27,27,21,ESE,0.3,84,12,1015
2009-05-20,Anguilla,Mount Fortune,27,27,20,ESE,1.7,83,26,1015
2009-05-21,Anguilla,Mount Fortune,27,27,18,ESE,1.3,84,49,1014
2009-05-22,Anguilla,Mount Fortune,27,26,14,SE,3.6,85,33,1015
2009-05-23,Anguilla,Mount Fortune,27,27,14,ESE,0.2,85,40,1016
2009-05-24,Anguilla,Mount Fortune,27,27,14,ESE,0.3,84,28,1016
2009-05-25,Anguilla,Mount Fortune,27,27,20,E,0.0,81,29,1016
2009-05-26,Anguilla,Mount Fortune,27,26,22,E,3.9,81,44,1016
2009-05-27,Anguilla,Mount Fortune,28,27,23,E,7.6,81,38,1016
2009-05-28,Anguilla,Mount Fortune,27,27,22,E,1.0,81,26,1017
2009-05-29,Anguilla,Mount Fortune,27,27,22,E,5.9,79,31,1018
2009-05-30,Anguilla,Mount Fortune,27,27,21,E,0.2,76,8,1017
2009-05-31,Anguilla,Mount Fortune,27,27,19,E,0.7,77,16,1016
2009-06-01,Anguilla,Mount Fortune,27,26,21,E,5.7,80,37,1016
2009-06-02,Anguilla,Mount Fortune,27,26,29,E,14.3,80,40,1016
2009-06-03,Anguilla,Mount Fortune,27,27,27,E,3.1,80,29,1016
2009-06-04,Anguilla,Mount Fortune,27,26,27,ESE,8.4,78,40,1016
2009-06-05,Anguilla,Mount Fortune,28,27,27,E,1.0,77,24,1017
2009-06-06,Anguilla,Mount Fortune,27,27,25,E,3.8,79,23,1018
2009-06-07,Anguilla,Mount Fortune,28,27,22,E,2.5,81,28,1016
2009-06-08,Anguilla,Mount Fortune,28,27,18,ESE,5.0,82,43,1016
2009-06-09,Anguilla,Mount Fortune,28,27,21,ESE,0.9,81,46,1016
2009-06-10,Anguilla,Mount Fortune,28,27,20,ESE,1.3,79,37,1016
2009-06-11,Anguilla,Mount Fortune,28,27,22,ESE,0.4,77,32,1017
2009-06-12,Anguilla,Mount Fortune,28,27,23,ESE,0.3,78,17,1017
2009-06-13,Anguilla,Mount Fortune,28,27,22,ESE,3.7,79,24,1017
2009-06-14,Anguilla,Mount Fortune,28,27,21,E,1.9,77,16,1017
2009-06-15,Anguilla,Mount Fortune,28,27,22,E,7.1,78,33,1016
2009-06-16,Anguilla,Mount Fortune,28,26,21,ESE,23.9,81,47,1017
2009-06-17,Anguilla,Mount Fortune,28,27,20,ESE,1.1,77,19,1016
2009-06-18,Anguilla,Mount Fortune,28,28,21,ESE,0.3,76,15,1015
2009-06-19,Anguilla,Mount Fortune,28,27,24,E,0.4,77,31,1015
2009-06-20,Anguilla,Mount Fortune,28,27,22,E,1.5,76,24,1015
2009-06-21,Anguilla,Mount Fortune,28,27,17,ESE,0.2,76,13,1014
2009-06-22,Anguilla,Mount Fortune,28,27,20,ESE,1.3,78,19,1014
2009-06-23,Anguilla,Mount Fortune,28,28,22,SE,0.0,80,20,1015
2009-06-24,Anguilla,Mount Fortune,28,28,22,ESE,0.0,81,23,1017
2009-06-25,Anguilla,Mount Fortune,28,28,23,E,2.5,80,19,1017
2009-06-26,Anguilla,Mount Fortune,28,28,20,ESE,0.0,80,10,1017
2009-06-27,Anguilla,Mount Fortune,28,28,16,ESE,0.0,78,13,1018
2009-06-28,Anguilla,Mount Fortune,28,28,11,ESE,0.0,77,17,1017
2009-06-29,Anguilla,Mount Fortune,28,27,13,E,0.0,77,21,1016
2009-06-30,Anguilla,Mount Fortune,28,28,23,ESE,2.4,77,23,1016
2009-07-01,Anguilla,Mount Fortune,28,28,26,ESE,0.0,78,13,1016
2009-07-02,Anguilla,Mount Fortune,29,28,24,E,0.0,78,14,1018
2009-07-03,Anguilla,Mount Fortune,29,28,27,E,0.9,78,20,1018
2009-07-04,Anguilla,Mount Fortune,29,28,30,E,0.0,78,11,1017
2009-07-05,Anguilla,Mount Fortune,29,28,30,E,9.8,81,55,1017
2009-07-06,Anguilla,Mount Fortune,29,28,22,E,1.9,81,13,1017
2009-07-07,Anguilla,Mount Fortune,29,28,26,ENE,0.1,79,7,1016
2009-07-08,Anguilla,Mount Fortune,28,28,26,E,4.9,80,23,1016
2009-07-09,Anguilla,Mount Fortune,29,28,23,E,7.9,79,22,1017
2009-07-10,Anguilla,Mount Fortune,29,28,25,E,4.1,80,35,1018
2009-07-11,Anguilla,Mount Fortune,29,28,23,ENE,0.8,79,17,1017
2009-07-12,Anguilla,Mount Fortune,28,28,24,ENE,2.0,79,29,1017
2009-07-13,Anguilla,Mount Fortune,28,27,22,ESE,5.5,78,25,1017
2009-07-14,Anguilla,Mount Fortune,29,28,24,E,2.3,81,38,1018
2009-07-15,Anguilla,Mount Fortune,29,29,29,E,0.0,80,16,1018
2009-07-16,Anguilla,Mount Fortune,29,28,28,ENE,0.5,79,33,1017
2009-07-17,Anguilla,Mount Fortune,28,28,28,E,2.8,79,24,1017
2009-07-18,Anguilla,Mount Fortune,28,27,33,E,22.4,81,55,1017
2009-07-19,Anguilla,Mount Fortune,29,28,29,E,12.0,80,25,1016
2009-07-20,Anguilla,Mount Fortune,29,28,35,E,15.0,79,33,1015
2009-07-21,Anguilla,Mount Fortune,29,28,35,E,12.7,81,44,1016
2009-07-22,Anguilla,Mount Fortune,29,28,30,E,3.5,82,44,1017
2009-07-23,Anguilla,Mount Fortune,28,28,26,E,0.0,80,14,1016
2009-07-24,Anguilla,Mount Fortune,28,28,23,E,0.0,81,13,1016
2009-07-25,Anguilla,Mount Fortune,28,28,21,E,3.3,79,18,1017
2009-07-26,Anguilla,Mount Fortune,28,28,26,E,0.3,78,14,1018
2009-07-27,Anguilla,Mount Fortune,28,28,30,E,0.6,79,24,1018
2009-07-28,Anguilla,Mount Fortune,28,28,30,E,2.7,80,38,1017
2009-07-29,Anguilla,Mount Fortune,28,28,27,ENE,0.0,77,11,1016
2009-07-30,Anguilla,Mount Fortune,28,28,27,E,1.0,81,22,1016
2009-07-31,Anguilla,Mount Fortune,28,28,26,E,3.2,79,19,1017
2009-08-01,Anguilla,Mount Fortune,28,28,25,E,0.4,77,15,1016
2009-08-02,Anguilla,Mount Fortune,28,27,21,E,5.4,80,33,1016
2009-08-03,Anguilla,Mount Fortune,28,28,23,E,1.7,80,21,1016
2009-08-04,Anguilla,Mount Fortune,28,28,29,E,8.4,79,26,1016
2009-08-05,Anguilla,Mount Fortune,28,28,22,E,2.4,80,22,1015
2009-08-06,Anguilla,Mount Fortune,29,27,26,E,4.1,81,33,1016
2009-08-07,Anguilla,Mount Fortune,29,28,29,E,0.4,80,30,1018
2009-08-08,Anguilla,Mount Fortune,28,28,28,ENE,0.6,78,24,1017
2009-08-09,Anguilla,Mount Fortune,28,28,22,ENE,4.1,79,23,1017
2009-08-10,Anguilla,Mount Fortune,28,28,17,ENE,0.2,78,11,1016
2009-08-11,Anguilla,Mount Fortune,29,28,21,ENE,0.3,78,12,1015
2009-08-12,Anguilla,Mount Fortune,28,28,28,E,9.2,82,52,1015
2009-08-13,Anguilla,Mount Fortune,29,28,30,E,1.1,79,14,1016
2009-08-14,Anguilla,Mount Fortune,28,28,24,ENE,3.6,77,26,1016
2009-08-15,Anguilla,Mount Fortune,29,27,23,E,4.2,77,21,1014
2009-08-16,Anguilla,Mount Fortune,28,28,24,ENE,5.0,79,29,1013
2009-08-17,Anguilla,Mount Fortune,29,28,33,ESE,20.1,81,33,1014
2009-08-18,Anguilla,Mount Fortune,29,28,24,ENE,0.0,81,12,1014
2009-08-19,Anguilla,Mount Fortune,28,27,24,NNE,4.0,79,32,1010
2009-08-20,Anguilla,Mount Fortune,28,28,19,SW,4.6,82,24,1010
2009-08-21,Anguilla,Mount Fortune,29,28,21,SE,1.7,81,18,1014
2009-08-22,Anguilla,Mount Fortune,29,28,27,E,0.0,80,28,1014
2009-08-23,Anguilla,Mount Fortune,28,28,26,E,6.5,79,35,1013
2009-08-24,Anguilla,Mount Fortune,28,28,22,E,8.3,80,36,1012
2009-08-25,Anguilla,Mount Fortune,29,28,18,SE,7.0,82,35,1013
2009-08-26,Anguilla,Mount Fortune,29,28,20,ESE,1.3,81,16,1014
2009-08-27,Anguilla,Mount Fortune,28,28,19,E,1.0,78,15,1015
2009-08-28,Anguilla,Mount Fortune,29,28,22,E,1.0,76,16,1015
2009-08-29,Anguilla,Mount Fortune,29,28,20,ESE,0.6,77,18,1015
2009-08-30,Anguilla,Mount Fortune,29,28,22,E,1.2,79,27,1015
2009-08-31,Anguilla,Mount Fortune,29,28,25,ENE,1.1,79,18,1014
2009-09-01,Anguilla,Mount Fortune,29,28,25,ENE,4.8,80,35,1014
2009-09-02,Anguilla,Mount Fortune,29,28,32,ENE,3.3,80,44,1012
2009-09-03,Anguilla,Mount Fortune,28,26,32,ESE,27.1,84,73,1012
2009-09-04,Anguilla,Mount Fortune,29,27,26,ESE,30.0,79,69,1014
2009-09-05,Anguilla,Mount Fortune,29,29,21,ESE,0.9,78,45,1016
2009-09-06,Anguilla,Mount Fortune,29,29,22,E,0.4,79,30,1016
2009-09-07,Anguilla,Mount Fortune,28,28,21,ENE,2.2,78,22,1014
2009-09-08,Anguilla,Mount Fortune,28,28,20,E,3.9,80,27,1013
2009-09-09,Anguilla,Mount Fortune,29,28,14,SE,0.8,80,13,1014
2009-09-10,Anguilla,Mount Fortune,29,28,14,E,0.0,82,9,1016
2009-09-11,Anguilla,Mount Fortune,28,28,19,E,0.3,78,17,1016
2009-09-12,Anguilla,Mount Fortune,28,28,15,E,0.3,78,13,1014
2009-09-13,Anguilla,Mount Fortune,28,28,14,ESE,0.1,78,12,1015
2009-09-14,Anguilla,Mount Fortune,28,28,17,ESE,0.8,76,15,1015
2009-09-15,Anguilla,Mount Fortune,29,28,21,ESE,0.2,77,9,1015
2009-09-16,Anguilla,Mount Fortune,29,28,17,E,1.8,77,16,1015
2009-09-17,Anguilla,Mount Fortune,28,28,14,E,0.0,77,14,1014
2009-09-18,Anguilla,Mount Fortune,29,28,16,E,0.3,77,16,1014
2009-09-19,Anguilla,Mount Fortune,29,28,25,E,4.7,80,40,1014
2009-09-20,Anguilla,Mount Fortune,29,28,21,E,5.7,79,33,1014
2009-09-21,Anguilla,Mount Fortune,28,28,19,E,3.9,80,31,1013
2009-09-22,Anguilla,Mount Fortune,29,28,21,E,7.4,79,28,1012
2009-09-23,Anguilla,Mount Fortune,29,28,19,E,6.1,79,24,1012
2009-09-24,Anguilla,Mount Fortune,28,28,14,E,2.4,81,23,1013
2009-09-25,Anguilla,Mount Fortune,29,28,11,ESE,0.2,80,6,1014
2009-09-26,Anguilla,Mount Fortune,29,28,15,ESE,0.0,80,5,1013
2009-09-27,Anguilla,Mount Fortune,29,29,20,ESE,1.2,81,18,1014
2009-09-28,Anguilla,Mount Fortune,29,29,18,ESE,0.0,78,12,1016
2009-09-29,Anguilla,Mount Fortune,29,29,21,E,0.7,79,34,1016
2009-09-30,Anguilla,Mount Fortune,29,29,20,E,0.2,79,16,1015
2009-10-01,Anguilla,Mount Fortune,29,28,23,ENE,1.1,78,19,1014
2009-10-02,Anguilla,Mount Fortune,29,28,23,ESE,2.2,77,17,1014
2009-10-03,Anguilla,Mount Fortune,29,28,20,E,0.5,78,17,1015
2009-10-04,Anguilla,Mount Fortune,29,28,22,ENE,1.3,80,28,1014
2009-10-05,Anguilla,Mount Fortune,29,28,23,E,0.7,79,18,1014
2009-10-06,Anguilla,Mount Fortune,29,29,20,ENE,0.0,77,7,1015
2009-10-07,Anguilla,Mount Fortune,29,28,18,NE,0.4,77,9,1015
2009-10-08,Anguilla,Mount Fortune,29,28,10,ESE,1.9,82,20,1015
2009-10-09,Anguilla,Mount Fortune,29,29,16,SE,1.2,80,19,1014
2009-10-10,Anguilla,Mount Fortune,29,28,13,ESE,0.0,79,9,1014
2009-10-11,Anguilla,Mount Fortune,28,28,11,ENE,7.9,80,28,1013
2009-10-12,Anguilla,Mount Fortune,28,28,20,E,7.0,80,32,1013
2009-10-13,Anguilla,Mount Fortune,28,27,19,ENE,6.6,79,28,1013
2009-10-14,Anguilla,Mount Fortune,28,28,18,E,4.5,80,32,1011
2009-10-15,Anguilla,Mount Fortune,29,28,17,ESE,1.8,80,29,1012
2009-10-16,Anguilla,Mount Fortune,29,29,20,ESE,0.0,79,15,1014
2009-10-17,Anguilla,Mount Fortune,29,28,22,E,0.3,78,12,1015
2009-10-18,Anguilla,Mount Fortune,29,28,24,E,0.6,76,14,1014
2009-10-19,Anguilla,Mount Fortune,28,28,19,ENE,0.2,75,12,1012
2009-10-20,Anguilla,Mount Fortune,28,28,10,ENE,0.4,75,18,1011
2009-10-21,Anguilla,Mount Fortune,28,28,12,ENE,0.4,76,15,1011
2009-10-22,Anguilla,Mount Fortune,28,27,10,ESE,0.2,75,24,1011
2009-10-23,Anguilla,Mount Fortune,29,28,17,ESE,3.0,76,34,1012
2009-10-24,Anguilla,Mount Fortune,28,28,20,E,1.3,78,25,1013
2009-10-25,Anguilla,Mount Fortune,29,27,21,E,4.2,77,24,1014
2009-10-26,Anguilla,Mount Fortune,29,28,22,E,5.8,76,20,1014
2009-10-27,Anguilla,Mount Fortune,29,28,26,E,8.5,77,22,1013
2009-10-28,Anguilla,Mount Fortune,29,28,23,E,5.7,77,23,1013
2009-10-29,Anguilla,Mount Fortune,28,28,21,ENE,3.0,76,19,1012
2009-10-30,Anguilla,Mount Fortune,28,28,20,NE,0.3,75,18,1010
2009-10-31,Anguilla,Mount Fortune,28,28,18,NE,0.0,73,5,1010
2009-11-01,Anguilla,Mount Fortune,28,28,15,ENE,0.1,75,15,1011
2009-11-02,Anguilla,Mount Fortune,28,28,14,ENE,0.1,77,13,1012
2009-11-03,Anguilla,Mount Fortune,28,28,20,ENE,1.1,79,37,1013
2009-11-04,Anguilla,Mount Fortune,28,28,17,E,6.0,79,38,1013
2009-11-05,Anguilla,Mount Fortune,28,28,20,E,0.9,78,24,1013
2009-11-06,Anguilla,Mount Fortune,28,28,18,E,1.8,77,19,1013
2009-11-07,Anguilla,Mount Fortune,28,27,17,ENE,4.2,79,27,1012
2009-11-08,Anguilla,Mount Fortune,28,27,15,ENE,12.2,81,41,1012
2009-11-09,Anguilla,Mount Fortune,28,27,15,NE,1.3,79,28,1011
2009-11-10,Anguilla,Mount Fortune,27,27,10,E,0.0,76,27,1011
2009-11-11,Anguilla,Mount Fortune,29,28,18,SE,2.8,77,35,1011
2009-11-12,Anguilla,Mount Fortune,29,28,20,SE,0.0,79,22,1010
2009-11-13,Anguilla,Mount Fortune,29,28,20,ESE,0.7,80,14,1011
2009-11-14,Anguilla,Mount Fortune,29,28,20,SE,0.8,79,25,1012
2009-11-15,Anguilla,Mount Fortune,28,28,16,SSE,1.0,77,13,1011
2009-11-16,Anguilla,Mount Fortune,28,28,19,SSE,2.5,80,34,1010
2009-11-17,Anguilla,Mount Fortune,28,28,16,S,2.5,80,25,1011
2009-11-18,Anguilla,Mount Fortune,28,28,10,SE,1.4,80,21,1012
2009-11-19,Anguilla,Mount Fortune,28,28,15,ESE,4.5,81,31,1012
2009-11-20,Anguilla,Mount Fortune,28,28,19,ESE,5.4,79,25,1013
2009-11-21,Anguilla,Mount Fortune,28,28,19,ESE,2.0,80,18,1014
2009-11-22,Anguilla,Mount Fortune,28,28,21,E,1.2,78,13,1015
2009-11-23,Anguilla,Mount Fortune,28,28,21,ENE,0.0,75,6,1015
2009-11-24,Anguilla,Mount Fortune,28,28,23,ENE,0.7,76,14,1013
2009-11-25,Anguilla,Mount Fortune,28,27,18,ENE,0.3,76,16,1013
2009-11-26,Anguilla,Mount Fortune,28,27,17,E,0.9,77,19,1013
2009-11-27,Anguilla,Mount Fortune,28,27,15,ESE,0.8,75,28,1013
2009-11-28,Anguilla,Mount Fortune,28,28,14,ESE,0.0,75,22,1013
2009-11-29,Anguilla,Mount Fortune,28,28,14,E,0.0,75,14,1014
2009-11-30,Anguilla,Mount Fortune,28,28,15,E,0.0,74,10,1014
2009-12-01,Anguilla,Mount Fortune,28,28,19,ENE,0.0,75,8,1013
2009-12-02,Anguilla,Mount Fortune,28,28,26,ENE,0.5,76,15,1014
2009-12-03,Anguilla,Mount Fortune,28,28,23,ENE,0.1,73,8,1015
2009-12-04,Anguilla,Mount Fortune,28,27,25,ENE,4.5,76,23,1014
2009-12-05,Anguilla,Mount Fortune,28,27,29,E,2.4,76,18,1014
2009-12-06,Anguilla,Mount Fortune,28,27,27,E,5.3,77,20,1015
2009-12-07,Anguilla,Mount Fortune,28,28,28,E,3.5,77,18,1016
2009-12-08,Anguilla,Mount Fortune,28,28,28,E,2.8,75,14,1016
2009-12-09,Anguilla,Mount Fortune,28,27,31,E,7.2,78,27,1016
2009-12-10,Anguilla,Mount Fortune,28,28,31,E,3.3,77,17,1016
2009-12-11,Anguilla,Mount Fortune,28,28,29,E,0.9,75,9,1017
2009-12-12,Anguilla,Mount Fortune,28,27,32,ENE,0.9,74,12,1018
2009-12-13,Anguilla,Mount Fortune,28,27,34,ENE,0.1,73,7,1017
2009-12-14,Anguilla,Mount Fortune,28,27,31,ENE,0.9,74,12,1016
2009-12-15,Anguilla,Mount Fortune,27,27,30,ENE,0.1,75,36,1015
2009-12-16,Anguilla,Mount Fortune,27,27,28,ENE,1.7,75,30,1014
2009-12-17,Anguilla,Mount Fortune,26,26,23,ENE,0.2,76,24,1013
2009-12-18,Anguilla,Mount Fortune,27,26,23,E,5.6,76,22,1013
2009-12-19,Anguilla,Mount Fortune,28,27,21,SE,1.5,77,11,1014
2009-12-20,Anguilla,Mount Fortune,27,27,16,SSE,0.0,77,3,1015
2009-12-21,Anguilla,Mount Fortune,27,26,11,SSE,0.0,75,2,1015
2009-12-22,Anguilla,Mount Fortune,27,26,11,ESE,0.0,74,1,1015
2009-12-23,Anguilla,Mount Fortune,27,26,20,ESE,0.0,75,3,1015
2009-12-24,Anguilla,Mount Fortune,28,27,25,SE,0.9,78,27,1013
2009-12-25,Anguilla,Mount Fortune,28,26,19,SSW,26.1,82,58,1013
2009-12-26,Anguilla,Mount Fortune,27,26,8,SE,3.3,79,24,1013
2009-12-27,Anguilla,Mount Fortune,27,26,13,E,9.8,82,41,1015
2009-12-28,Anguilla,Mount Fortune,27,26,17,ESE,6.0,81,23,1016
2009-12-29,Anguilla,Mount Fortune,27,27,8,SSE,0.0,75,9,1016
2009-12-30,Anguilla,Mount Fortune,27,26,13,ENE,0.5,78,16,1016
2009-12-31,Anguilla,Mount Fortune,26,26,35,ENE,12.4,82,71,1017
2010-01-01,Anguilla,Mount Fortune,26,26,29,ENE,0.4,75,15,1015
2010-01-02,Anguilla,Mount Fortune,27,26,13,SE,0.0,75,3,1013
2010-01-03,Anguilla,Mount Fortune,26,26,9,ESE,0.0,75,1,1013
2010-01-04,Anguilla,Mount Fortune,27,26,18,ESE,0.3,78,6,1014
2010-01-05,Anguilla,Mount Fortune,27,27,24,SE,0.0,77,3,1015
2010-01-06,Anguilla,Mount Fortune,27,27,14,SE,0.0,72,0,1015
2010-01-07,Anguilla,Mount Fortune,27,26,11,ESE,0.3,75,8,1016
2010-01-08,Anguilla,Mount Fortune,27,26,19,E,1.8,75,11,1016
2010-01-09,Anguilla,Mount Fortune,27,27,21,ESE,0.0,72,6,1015
2010-01-10,Anguilla,Mount Fortune,27,26,18,ESE,1.0,78,23,1015
2010-01-11,Anguilla,Mount Fortune,27,27,12,ESE,0.0,76,8,1016
2010-01-12,Anguilla,Mount Fortune,27,26,21,ENE,1.1,78,16,1017
2010-01-13,Anguilla,Mount Fortune,27,26,14,ESE,0.7,75,7,1017
2010-01-14,Anguilla,Mount Fortune,26,26,9,E,0.0,75,3,1017
2010-01-15,Anguilla,Mount Fortune,26,26,18,E,1.7,79,19,1018
2010-01-16,Anguilla,Mount Fortune,26,26,23,E,6.6,81,37,1017
2010-01-17,Anguilla,Mount Fortune,27,26,35,E,13.2,81,63,1018
2010-01-18,Anguilla,Mount Fortune,27,26,23,E,0.5,78,15,1018
2010-01-19,Anguilla,Mount Fortune,26,26,19,ENE,0.0,77,11,1016
2010-01-20,Anguilla,Mount Fortune,27,26,19,E,1.5,80,21,1016
2010-01-21,Anguilla,Mount Fortune,27,26,23,ESE,13.8,83,46,1016
2010-01-22,Anguilla,Mount Fortune,27,26,24,ESE,4.0,77,7,1015
2010-01-23,Anguilla,Mount Fortune,27,26,12,S,0.0,74,2,1014
2010-01-24,Anguilla,Mount Fortune,26,25,15,ENE,0.6,78,19,1014
2010-01-25,Anguilla,Mount Fortune,26,26,35,ENE,0.4,77,35,1016
2010-01-26,Anguilla,Mount Fortune,26,26,29,ENE,0.0,76,10,1016
2010-01-27,Anguilla,Mount Fortune,26,26,28,ENE,0.1,75,73,1016
2010-01-28,Anguilla,Mount Fortune,26,25,29,ENE,0.0,69,27,1016
2010-01-29,Anguilla,Mount Fortune,26,25,30,ENE,0.0,71,13,1016
2010-01-30,Anguilla,Mount Fortune,26,26,31,E,0.3,71,27,1015
2010-01-31,Anguilla,Mount Fortune,26,26,27,E,0.3,73,8,1016
2010-02-01,Anguilla,Mount Fortune,27,25,24,E,1.7,74,24,1016
2010-02-02,Anguilla,Mount Fortune,27,25,30,ESE,3.5,75,33,1015
2010-02-03,Anguilla,Mount Fortune,27,26,22,ESE,0.2,74,15,1015
2010-02-04,Anguilla,Mount Fortune,26,26,15,ESE,0.2,75,12,1014
2010-02-05,Anguilla,Mount Fortune,26,25,10,ESE,0.0,75,4,1015
2010-02-06,Anguilla,Mount Fortune,26,26,19,SE,0.0,75,2,1013
2010-02-07,Anguilla,Mount Fortune,26,26,13,S,0.0,74,19,1013
2010-02-08,Anguilla,Mount Fortune,26,26,12,SSE,0.0,74,1,1015
2010-02-09,Anguilla,Mount Fortune,26,26,15,E,0.0,79,2,1015
2010-02-10,Anguilla,Mount Fortune,26,26,16,SE,0.0,78,2,1012
2010-02-11,Anguilla,Mount Fortune,26,26,13,WSW,0.0,76,2,1011
2010-02-12,Anguilla,Mount Fortune,26,26,9,SSE,0.1,80,12,1012
2010-02-13,Anguilla,Mount Fortune,26,26,21,ESE,0.0,80,7,1012
2010-02-14,Anguilla,Mount Fortune,27,26,17,SSE,0.0,77,5,1013
2010-02-15,Anguilla,Mount Fortune,27,26,20,ESE,0.1,79,25,1014
2010-02-16,Anguilla,Mount Fortune,27,27,22,SE,0.0,79,12,1014
2010-02-17,Anguilla,Mount Fortune,27,26,20,SE,0.0,80,8,1013
2010-02-18,Anguilla,Mount Fortune,27,26,10,SSE,0.2,79,16,1014
2010-02-19,Anguilla,Mount Fortune,26,26,11,ENE,0.3,81,14,1015
2010-02-20,Anguilla,Mount Fortune,26,26,15,E,2.2,81,32,1015
2010-02-21,Anguilla,Mount Fortune,26,25,17,ENE,3.7,82,52,1014
2010-02-22,Anguilla,Mount Fortune,26,25,13,E,10.1,81,39,1013
2010-02-23,Anguilla,Mount Fortune,27,25,23,SSE,1.5,79,27,1010
2010-02-24,Anguilla,Mount Fortune,27,26,23,SSW,5.4,83,36,1011
2010-02-25,Anguilla,Mount Fortune,27,26,14,ESE,0.0,79,10,1012
2010-02-26,Anguilla,Mount Fortune,27,26,14,SSW,0.0,86,21,1012
2010-02-27,Anguilla,Mount Fortune,27,26,18,E,0.2,84,18,1013
2010-02-28,Anguilla,Mount Fortune,27,27,14,SSE,0.0,80,6,1013
2010-03-01,Anguilla,Mount Fortune,27,26,12,SE,0.0,79,2,1014
2010-03-02,Anguilla,Mount Fortune,27,26,17,ESE,0.0,79,2,1014
2010-03-03,Anguilla,Mount Fortune,27,27,22,SSE,0.0,82,11,1013
2010-03-04,Anguilla,Mount Fortune,27,27,17,SSE,0.0,81,6,1013
2010-03-05,Anguilla,Mount Fortune,27,27,17,SSE,0.0,81,3,1012
2010-03-06,Anguilla,Mount Fortune,27,26,17,SSW,6.6,82,21,1011
2010-03-07,Anguilla,Mount Fortune,25,24,23,ENE,17.6,85,80,1012
2010-03-08,Anguilla,Mount Fortune,25,24,29,NE,8.5,79,94,1013
2010-03-09,Anguilla,Mount Fortune,26,25,20,NE,10.4,83,77,1013
2010-03-10,Anguilla,Mount Fortune,26,25,27,NE,18.7,83,90,1014
2010-03-11,Anguilla,Mount Fortune,26,25,28,ENE,14.6,81,62,1013
2010-03-12,Anguilla,Mount Fortune,27,26,28,ENE,6.6,77,32,1013
2010-03-13,Anguilla,Mount Fortune,27,26,24,ESE,0.0,80,23,1013
2010-03-14,Anguilla,Mount Fortune,27,27,15,SE,0.0,82,6,1013
2010-03-15,Anguilla,Mount Fortune,27,26,12,SSE,0.0,82,2,1013
2010-03-16,Anguilla,Mount Fortune,27,26,4,SSW,0.6,82,35,1012
2010-03-17,Anguilla,Mount Fortune,27,26,12,ENE,0.6,83,29,1013
2010-03-18,Anguilla,Mount Fortune,27,27,18,ESE,1.2,85,12,1014
2010-03-19,Anguilla,Mount Fortune,27,27,23,SE,0.0,81,5,1016
2010-03-20,Anguilla,Mount Fortune,27,27,19,ESE,0.0,80,6,1017
2010-03-21,Anguilla,Mount Fortune,27,27,24,E,0.0,79,3,1017
2010-03-22,Anguilla,Mount Fortune,27,27,31,E,0.5,79,23,1017
2010-03-23,Anguilla,Mount Fortune,27,27,29,E,0.1,78,5,1016
2010-03-24,Anguilla,Mount Fortune,27,27,23,E,0.0,75,0,1016
2010-03-25,Anguilla,Mount Fortune,27,27,22,E,0.0,76,8,1015
2010-03-26,Anguilla,Mount Fortune,27,27,21,E,0.1,76,11,1015
2010-03-27,Anguilla,Mount Fortune,27,26,20,E,0.4,80,19,1014
2010-03-28,Anguilla,Mount Fortune,27,27,19,E,1.1,78,15,1014
2010-03-29,Anguilla,Mount Fortune,27,27,22,E,0.0,75,12,1014
2010-03-30,Anguilla,Mount Fortune,27,27,24,E,0.1,77,15,1015
2010-03-31,Anguilla,Mount Fortune,27,27,22,E,0.5,80,21,1015
2010-04-01,Anguilla,Mount Fortune,27,27,13,SE,0.1,77,13,1013
2010-04-02,Anguilla,Mount Fortune,27,26,16,W,0.8,76,19,1011
2010-04-03,Anguilla,Mount Fortune,26,25,17,WSW,0.0,66,8,1012
2010-04-04,Anguilla,Mount Fortune,26,25,17,NNE,0.0,64,1,1013
2010-04-05,Anguilla,Mount Fortune,26,26,19,NE,0.0,65,22,1015
2010-04-06,Anguilla,Mount Fortune,26,25,27,NE,0.1,69,8,1015
2010-04-07,Anguilla,Mount Fortune,26,26,32,ENE,0.2,73,15,1015
2010-04-08,Anguilla,Mount Fortune,27,26,35,ENE,1.7,73,18,1015
2010-04-09,Anguilla,Mount Fortune,27,27,33,E,1.8,74,12,1016
2010-04-10,Anguilla,Mount Fortune,27,26,30,E,1.6,76,18,1016
2010-04-11,Anguilla,Mount Fortune,26,26,32,ENE,4.3,78,27,1014
2010-04-12,Anguilla,Mount Fortune,26,26,27,E,10.1,80,38,1013
2010-04-13,Anguilla,Mount Fortune,27,26,24,E,13.2,82,55,1012
2010-04-14,Anguilla,Mount Fortune,27,26,15,S,8.3,84,51,1012
2010-04-15,Anguilla,Mount Fortune,27,26,18,S,3.8,81,29,1012
2010-04-16,Anguilla,Mount Fortune,26,26,33,NE,1.7,79,36,1013
2010-04-17,Anguilla,Mount Fortune,26,25,32,ENE,0.6,75,67,1014
2010-04-18,Anguilla,Mount Fortune,27,26,21,E,0.2,77,31,1015
2010-04-19,Anguilla,Mount Fortune,27,26,21,SE,0.2,80,30,1014
2010-04-20,Anguilla,Mount Fortune,27,27,11,SSE,0.0,85,25,1012
2010-04-21,Anguilla,Mount Fortune,27,27,14,SSE,0.0,86,22,1012
2010-04-22,Anguilla,Mount Fortune,27,27,10,SE,0.0,86,25,1013
2010-04-23,Anguilla,Mount Fortune,27,27,9,E,0.0,83,10,1013
2010-04-24,Anguilla,Mount Fortune,27,27,12,NE,0.8,83,20,1014
2010-04-25,Anguilla,Mount Fortune,26,26,23,ENE,5.5,81,57,1014
2010-04-26,Anguilla,Mount Fortune,27,26,20,ESE,2.1,84,28,1014
2010-04-27,Anguilla,Mount Fortune,28,28,17,ESE,0.0,84,10,1016
2010-04-28,Anguilla,Mount Fortune,28,28,17,SE,0.0,84,11,1016
2010-04-29,Anguilla,Mount Fortune,28,27,13,ESE,0.0,84,11,1016
2010-04-30,Anguilla,Mount Fortune,28,27,15,ENE,0.0,81,5,1016
2010-05-01,Anguilla,Mount Fortune,28,27,17,ENE,0.0,79,8,1016
2010-05-02,Anguilla,Mount Fortune,27,27,19,ENE,0.1,80,26,1016
2010-05-03,Anguilla,Mount Fortune,28,27,25,E,5.4,80,30,1016
2010-05-04,Anguilla,Mount Fortune,27,27,28,ENE,1.0,76,26,1016
2010-05-05,Anguilla,Mount Fortune,27,26,22,ENE,0.0,72,4,1015
2010-05-06,Anguilla,Mount Fortune,27,27,24,ENE,1.4,76,21,1015
2010-05-07,Anguilla,Mount Fortune,28,27,19,E,9.6,82,34,1015
2010-05-08,Anguilla,Mount Fortune,28,28,17,E,1.4,79,13,1015
2010-05-09,Anguilla,Mount Fortune,28,28,17,E,0.0,78,10,1015
2010-05-10,Anguilla,Mount Fortune,28,27,20,ENE,1.2,79,20,1015
2010-05-11,Anguilla,Mount Fortune,28,27,21,ENE,0.3,76,12,1015
2010-05-12,Anguilla,Mount Fortune,28,27,25,ENE,2.8,79,26,1015
2010-05-13,Anguilla,Mount Fortune,28,27,29,E,2.8,78,30,1016
2010-05-14,Anguilla,Mount Fortune,28,28,31,ENE,2.2,77,15,1017
2010-05-15,Anguilla,Mount Fortune,28,27,26,ENE,5.4,81,46,1017
2010-05-16,Anguilla,Mount Fortune,28,28,26,E,1.5,79,29,1016
2010-05-17,Anguilla,Mount Fortune,28,27,26,E,7.0,80,33,1016
2010-05-18,Anguilla,Mount Fortune,28,28,25,E,0.8,78,29,1015
2010-05-19,Anguilla,Mount Fortune,28,28,29,E,1.9,78,20,1015
2010-05-20,Anguilla,Mount Fortune,28,28,26,E,0.0,77,8,1014
2010-05-21,Anguilla,Mount Fortune,28,28,21,E,3.3,80,27,1014
2010-05-22,Anguilla,Mount Fortune,28,27,15,ESE,6.7,80,32,1012
2010-05-23,Anguilla,Mount Fortune,28,28,13,SSE,6.4,82,26,1010
2010-05-24,Anguilla,Mount Fortune,28,28,16,SSE,2.8,83,25,1012
2010-05-25,Anguilla,Mount Fortune,28,28,17,SE,3.1,83,28,1013
2010-05-26,Anguilla,Mount Fortune,28,28,19,SE,0.7,82,16,1013
2010-05-27,Anguilla,Mount Fortune,28,28,17,SE,3.5,82,55,1013
2010-05-28,Anguilla,Mount Fortune,28,27,17,S,56.0,82,89,1013
2010-05-29,Anguilla,Mount Fortune,29,28,22,SSW,26.5,84,53,1011
2010-05-30,Anguilla,Mount Fortune,29,28,12,SSW,2.7,85,57,1014
2010-05-31,Anguilla,Mount Fortune,29,28,12,SE,1.3,85,38,1017
2010-06-01,Anguilla,Mount Fortune,29,28,19,ESE,0.0,83,26,1016
2010-06-02,Anguilla,Mount Fortune,29,28,18,ESE,0.0,81,8,1016
2010-06-03,Anguilla,Mount Fortune,29,28,18,ESE,0.0,81,9,1017
2010-06-04,Anguilla,Mount Fortune,28,28,18,E,0.0,79,7,1017
2010-06-05,Anguilla,Mount Fortune,28,28,14,E,0.0,77,14,1016
2010-06-06,Anguilla,Mount Fortune,28,28,12,ESE,1.6,79,12,1015
2010-06-07,Anguilla,Mount Fortune,29,28,16,ESE,0.0,80,14,1016
2010-06-08,Anguilla,Mount Fortune,29,28,18,ESE,1.9,79,23,1017
2010-06-09,Anguilla,Mount Fortune,29,29,23,E,0.0,78,9,1017
2010-06-10,Anguilla,Mount Fortune,29,29,22,E,0.0,76,11,1017
2010-06-11,Anguilla,Mount Fortune,29,28,19,ENE,0.2,75,18,1017
2010-06-12,Anguilla,Mount Fortune,29,28,19,E,1.5,79,21,1016
2010-06-13,Anguilla,Mount Fortune,29,29,17,E,1.5,77,11,1016
2010-06-14,Anguilla,Mount Fortune,29,28,17,E,1.3,78,21,1016
2010-06-15,Anguilla,Mount Fortune,29,28,19,E,2.0,76,15,1016
2010-06-16,Anguilla,Mount Fortune,29,28,25,E,4.0,79,27,1016
2010-06-17,Anguilla,Mount Fortune,29,28,28,ENE,4.3,80,40,1015
2010-06-18,Anguilla,Mount Fortune,28,28,31,E,27.1,82,61,1014
2010-06-19,Anguilla,Mount Fortune,29,28,28,E,23.9,78,56,1014
2010-06-20,Anguilla,Mount Fortune,28,27,26,E,9.9,78,47,1014
2010-06-21,Anguilla,Mount Fortune,29,28,26,E,12.6,79,40,1015
2010-06-22,Anguilla,Mount Fortune,29,28,25,E,4.8,77,25,1016
2010-06-23,Anguilla,Mount Fortune,28,28,26,E,11.2,80,48,1016
2010-06-24,Anguilla,Mount Fortune,29,28,27,E,9.2,81,40,1015
2010-06-25,Anguilla,Mount Fortune,28,28,22,E,21.3,82,50,1015
2010-06-26,Anguilla,Mount Fortune,29,28,14,ESE,0.2,79,37,1014
2010-06-27,Anguilla,Mount Fortune,29,28,17,SE,4.6,81,42,1013
2010-06-28,Anguilla,Mount Fortune,29,28,17,SE,2.3,81,23,1015
2010-06-29,Anguilla,Mount Fortune,29,28,23,E,0.9,79,19,1016
2010-06-30,Anguilla,Mount Fortune,29,28,25,E,2.7,79,23,1016
2010-07-01,Anguilla,Mount Fortune,29,29,28,E,0.5,82,14,1017
2010-07-02,Anguilla,Mount Fortune,29,28,23,E,3.1,82,24,1016
2010-07-03,Anguilla,Mount Fortune,29,28,20,E,0.2,79,13,1016
2010-07-04,Anguilla,Mount Fortune,29,28,20,ENE,0.2,76,10,1016
2010-07-05,Anguilla,Mount Fortune,29,28,23,E,17.5,80,38,1014
2010-07-06,Anguilla,Mount Fortune,29,29,23,ESE,0.8,80,47,1015
2010-07-07,Anguilla,Mount Fortune,29,29,22,E,0.0,80,14,1015
2010-07-08,Anguilla,Mount Fortune,29,28,22,E,1.4,78,23,1016
2010-07-09,Anguilla,Mount Fortune,29,28,25,E,1.7,78,17,1016
2010-07-10,Anguilla,Mount Fortune,29,29,23,E,0.8,81,13,1016
2010-07-11,Anguilla,Mount Fortune,29,29,25,ENE,3.6,81,20,1015
2010-07-12,Anguilla,Mount Fortune,29,28,26,E,7.2,80,35,1015
2010-07-13,Anguilla,Mount Fortune,29,28,32,E,15.2,80,42,1015
2010-07-14,Anguilla,Mount Fortune,29,28,30,E,4.3,81,36,1015
2010-07-15,Anguilla,Mount Fortune,28,28,32,ENE,5.0,81,44,1014
2010-07-16,Anguilla,Mount Fortune,29,28,24,ESE,6.3,82,30,1015
2010-07-17,Anguilla,Mount Fortune,28,28,17,E,9.4,82,56,1018
2010-07-18,Anguilla,Mount Fortune,28,27,27,ENE,14.4,82,56,1016
2010-07-19,Anguilla,Mount Fortune,28,28,23,E,43.0,84,62,1015
2010-07-20,Anguilla,Mount Fortune,28,28,27,ESE,56.8,82,57,1015
2010-07-21,Anguilla,Mount Fortune,28,28,24,ESE,17.5,81,48,1016
2010-07-22,Anguilla,Mount Fortune,29,28,21,ESE,6.2,80,38,1016
2010-07-23,Anguilla,Mount Fortune,29,28,24,E,1.4,79,22,1017
2010-07-24,Anguilla,Mount Fortune,29,28,24,E,6.1,81,22,1018
2010-07-25,Anguilla,Mount Fortune,29,28,22,ENE,0.3,80,15,1017
2010-07-26,Anguilla,Mount Fortune,28,28,22,ENE,0.8,79,19,1015
2010-07-27,Anguilla,Mount Fortune,29,28,20,E,1.6,79,18,1016
2010-07-28,Anguilla,Mount Fortune,29,28,25,E,5.0,78,27,1016
2010-07-29,Anguilla,Mount Fortune,29,28,26,ENE,1.0,81,44,1016
2010-07-30,Anguilla,Mount Fortune,29,28,25,E,0.9,79,38,1014
2010-07-31,Anguilla,Mount Fortune,29,28,19,ENE,0.0,76,11,1012
2010-08-01,Anguilla,Mount Fortune,29,28,24,ENE,2.2,77,32,1012
2010-08-02,Anguilla,Mount Fortune,29,28,27,E,3.6,80,45,1013
2010-08-03,Anguilla,Mount Fortune,29,28,25,ENE,23.3,80,38,1014
2010-08-04,Anguilla,Mount Fortune,29,28,16,ESE,3.1,77,42,1012
2010-08-05,Anguilla,Mount Fortune,29,28,18,SE,6.0,81,38,1014
2010-08-06,Anguilla,Mount Fortune,29,29,24,E,0.7,79,37,1014
2010-08-07,Anguilla,Mount Fortune,29,28,23,ENE,0.4,76,36,1014
2010-08-08,Anguilla,Mount Fortune,29,28,24,E,31.2,77,37,1014
2010-08-09,Anguilla,Mount Fortune,29,28,25,E,19.8,78,46,1014
2010-08-10,Anguilla,Mount Fortune,29,28,21,ESE,15.4,79,51,1013
2010-08-11,Anguilla,Mount Fortune,29,28,15,ESE,12.8,78,30,1013
2010-08-12,Anguilla,Mount Fortune,29,28,14,ESE,2.2,75,27,1013
2010-08-13,Anguilla,Mount Fortune,29,28,7,E,0.0,74,11,1014
2010-08-14,Anguilla,Mount Fortune,29,28,6,SE,5.0,73,15,1015
2010-08-15,Anguilla,Mount Fortune,29,28,14,E,5.4,76,13,1015
2010-08-16,Anguilla,Mount Fortune,29,29,24,E,10.7,77,39,1014
2010-08-17,Anguilla,Mount Fortune,30,29,22,E,2.8,80,37,1016
2010-08-18,Anguilla,Mount Fortune,29,29,19,ENE,0.7,78,29,1016
2010-08-19,Anguilla,Mount Fortune,29,29,16,NE,0.6,74,19,1013
2010-08-20,Anguilla,Mount Fortune,29,27,9,SE,5.1,68,16,1012
2010-08-21,Anguilla,Mount Fortune,29,28,16,SE,3.9,75,34,1014
2010-08-22,Anguilla,Mount Fortune,30,29,22,E,31.6,77,38,1015
2010-08-23,Anguilla,Mount Fortune,30,29,22,E,28.4,79,37,1015
2010-08-24,Anguilla,Mount Fortune,30,29,22,ENE,1.0,78,36,1014
2010-08-25,Anguilla,Mount Fortune,29,29,20,NE,3.4,74,31,1013
2010-08-26,Anguilla,Mount Fortune,29,28,10,ENE,11.0,76,24,1012
2010-08-27,Anguilla,Mount Fortune,29,29,9,SE,1.9,76,24,1012
2010-08-28,Anguilla,Mount Fortune,29,29,10,ESE,0.0,77,21,1013
2010-08-29,Anguilla,Mount Fortune,29,28,30,ESE,7.7,79,56,1010
2010-08-30,Anguilla,Mount Fortune,30,28,71,S,241.1,81,78,1000
2010-08-31,Anguilla,Mount Fortune,30,29,28,SE,7.3,80,37,1010
2010-09-01,Anguilla,Mount Fortune,29,29,15,SW,14.9,76,24,1011
2010-09-02,Anguilla,Mount Fortune,30,29,18,ESE,9.6,79,28,1016
2010-09-03,Anguilla,Mount Fortune,29,29,19,NE,0.5,78,35,1016
2010-09-04,Anguilla,Mount Fortune,29,28,20,NE,5.9,74,38,1014
2010-09-05,Anguilla,Mount Fortune,29,28,20,E,19.1,76,34,1013
2010-09-06,Anguilla,Mount Fortune,29,28,17,NE,1.6,80,32,1014
2010-09-07,Anguilla,Mount Fortune,29,28,28,E,7.2,83,40,1013
2010-09-08,Anguilla,Mount Fortune,28,28,16,ENE,3.7,78,23,1013
2010-09-09,Anguilla,Mount Fortune,28,28,17,ENE,3.3,76,30,1012
2010-09-10,Anguilla,Mount Fortune,29,28,21,E,2.0,78,36,1012
2010-09-11,Anguilla,Mount Fortune,29,28,27,E,11.4,80,45,1011
2010-09-12,Anguilla,Mount Fortune,29,28,22,ESE,14.4,79,42,1012
2010-09-13,Anguilla,Mount Fortune,29,28,14,ENE,0.0,77,31,1011
2010-09-14,Anguilla,Mount Fortune,29,28,16,NE,3.3,77,24,1011
2010-09-15,Anguilla,Mount Fortune,29,28,22,S,0.5,79,40,1010
2010-09-16,Anguilla,Mount Fortune,29,29,27,NNW,1.7,78,33,1006
2010-09-17,Anguilla,Mount Fortune,29,28,30,W,11.6,79,35,1004
2010-09-18,Anguilla,Mount Fortune,29,29,29,SW,6.9,76,19,1008
2010-09-19,Anguilla,Mount Fortune,29,29,21,S,19.9,76,27,1012
2010-09-20,Anguilla,Mount Fortune,29,28,12,ESE,7.7,75,25,1012
2010-09-21,Anguilla,Mount Fortune,29,28,23,E,1.0,77,38,1013
2010-09-22,Anguilla,Mount Fortune,29,28,30,ENE,5.3,77,34,1013
2010-09-23,Anguilla,Mount Fortune,29,28,33,ENE,8.1,77,46,1013
2010-09-24,Anguilla,Mount Fortune,28,28,24,ENE,17.4,77,39,1012
2010-09-25,Anguilla,Mount Fortune,29,28,18,E,19.0,77,36,1011
2010-09-26,Anguilla,Mount Fortune,28,28,14,E,0.3,78,35,1011
2010-09-27,Anguilla,Mount Fortune,29,28,20,ESE,7.0,77,35,1011
2010-09-28,Anguilla,Mount Fortune,29,28,22,ESE,4.4,75,31,1011
2010-09-29,Anguilla,Mount Fortune,29,28,24,E,2.4,76,29,1012
2010-09-30,Anguilla,Mount Fortune,29,28,21,ESE,15.5,79,48,1012
2010-10-01,Anguilla,Mount Fortune,29,28,22,ESE,18.3,78,47,1011
2010-10-02,Anguilla,Mount Fortune,29,28,18,E,10.9,78,42,1009
2010-10-03,Anguilla,Mount Fortune,29,28,16,ESE,18.2,79,46,1008
2010-10-04,Anguilla,Mount Fortune,29,28,24,SSE,27.4,77,53,1008
2010-10-05,Anguilla,Mount Fortune,28,28,39,S,69.9,78,59,1008
2010-10-06,Anguilla,Mount Fortune,28,27,42,S,172.9,82,77,1008
2010-10-07,Anguilla,Mount Fortune,29,28,36,S,50.1,76,55,1009
2010-10-08,Anguilla,Mount Fortune,29,29,28,S,33.4,79,63,1012
2010-10-09,Anguilla,Mount Fortune,28,28,13,SSE,0.0,79,33,1013
2010-10-10,Anguilla,Mount Fortune,29,28,13,SE,2.8,80,42,1013
2010-10-11,Anguilla,Mount Fortune,29,28,9,SE,0.0,79,27,1014
2010-10-12,Anguilla,Mount Fortune,28,28,11,E,0.5,77,29,1014
2010-10-13,Anguilla,Mount Fortune,28,28,15,E,0.2,77,30,1013
2010-10-14,Anguilla,Mount Fortune,28,28,16,E,1.3,78,30,1013
2010-10-15,Anguilla,Mount Fortune,29,28,15,ESE,7.1,75,35,1013
2010-10-16,Anguilla,Mount Fortune,29,28,14,ESE,0.5,72,24,1013
2010-10-17,Anguilla,Mount Fortune,28,27,12,E,0.1,74,19,1013
2010-10-18,Anguilla,Mount Fortune,28,28,14,E,0.6,74,26,1013
2010-10-19,Anguilla,Mount Fortune,28,28,17,E,0.3,75,42,1014
2010-10-20,Anguilla,Mount Fortune,28,28,18,E,16.9,77,38,1013
2010-10-21,Anguilla,Mount Fortune,29,28,18,ESE,0.8,75,36,1013
2010-10-22,Anguilla,Mount Fortune,29,28,19,E,3.9,77,41,1014
2010-10-23,Anguilla,Mount Fortune,29,28,25,ENE,2.4,75,32,1013
2010-10-24,Anguilla,Mount Fortune,29,28,30,ENE,1.2,74,34,1012
2010-10-25,Anguilla,Mount Fortune,28,28,27,ENE,1.2,75,28,1012
2010-10-26,Anguilla,Mount Fortune,28,28,27,ENE,7.2,77,37,1012
2010-10-27,Anguilla,Mount Fortune,28,28,31,NE,6.6,76,38,1012
2010-10-28,Anguilla,Mount Fortune,28,27,24,ENE,2.5,75,26,1011
2010-10-29,Anguilla,Mount Fortune,29,28,20,ESE,5.7,77,37,1012
2010-10-30,Anguilla,Mount Fortune,29,28,30,ENE,0.7,78,42,1012
2010-10-31,Anguilla,Mount Fortune,29,28,31,E,4.5,77,51,1013
2010-11-01,Anguilla,Mount Fortune,28,28,27,ENE,8.9,78,51,1015
2010-11-02,Anguilla,Mount Fortune,28,27,26,ENE,6.1,79,52,1013
2010-11-03,Anguilla,Mount Fortune,28,27,25,E,8.3,77,43,1010
2010-11-04,Anguilla,Mount Fortune,28,28,34,E,12.5,76,42,1011
2010-11-05,Anguilla,Mount Fortune,29,28,31,ESE,11.0,77,46,1011
2010-11-06,Anguilla,Mount Fortune,28,28,26,ESE,3.3,78,37,1011
2010-11-07,Anguilla,Mount Fortune,28,27,17,SE,24.1,77,44,1008
2010-11-08,Anguilla,Mount Fortune,28,27,20,SSW,23.1,76,30,1008
2010-11-09,Anguilla,Mount Fortune,28,27,17,SSW,15.9,77,21,1009
2010-11-10,Anguilla,Mount Fortune,28,28,18,SSE,8.7,79,46,1011
2010-11-11,Anguilla,Mount Fortune,28,28,17,SSW,5.0,79,52,1011
2010-11-12,Anguilla,Mount Fortune,27,27,14,ENE,21.1,77,30,1012
2010-11-13,Anguilla,Mount Fortune,27,26,10,NE,0.2,74,24,1012
2010-11-14,Anguilla,Mount Fortune,27,27,12,NE,0.7,73,28,1012
2010-11-15,Anguilla,Mount Fortune,27,27,16,NNE,0.1,72,24,1013
2010-11-16,Anguilla,Mount Fortune,27,26,20,NE,0.0,70,12,1014
2010-11-17,Anguilla,Mount Fortune,27,27,26,ENE,0.5,74,33,1014
2010-11-18,Anguilla,Mount Fortune,27,26,24,NE,0.0,71,30,1013
2010-11-19,Anguilla,Mount Fortune,27,27,21,NE,0.3,71,21,1013
2010-11-20,Anguilla,Mount Fortune,27,26,26,NE,1.3,73,43,1015
2010-11-21,Anguilla,Mount Fortune,27,27,31,ENE,4.3,76,42,1015
2010-11-22,Anguilla,Mount Fortune,27,26,33,ENE,10.5,76,52,1014
2010-11-23,Anguilla,Mount Fortune,27,26,39,ENE,5.9,74,34,1012
2010-11-24,Anguilla,Mount Fortune,27,26,34,ENE,0.0,69,12,1012
2010-11-25,Anguilla,Mount Fortune,27,26,28,NE,0.4,71,24,1013
2010-11-26,Anguilla,Mount Fortune,26,26,31,NE,0.6,75,35,1014
2010-11-27,Anguilla,Mount Fortune,27,26,25,ENE,0.3,76,38,1014
2010-11-28,Anguilla,Mount Fortune,27,26,25,ENE,1.0,72,34,1014
2010-11-29,Anguilla,Mount Fortune,27,26,29,NE,0.7,69,17,1014
2010-11-30,Anguilla,Mount Fortune,27,26,30,NE,0.3,69,21,1013
2010-12-01,Anguilla,Mount Fortune,26,26,30,NE,1.1,73,22,1013
2010-12-02,Anguilla,Mount Fortune,25,25,21,NNE,0.3,68,31,1012
2010-12-03,Anguilla,Mount Fortune,26,25,12,ENE,0.3,61,17,1012
2010-12-04,Anguilla,Mount Fortune,26,25,15,NE,0.1,65,36,1014
2010-12-05,Anguilla,Mount Fortune,26,25,20,ENE,0.3,71,27,1015
2010-12-06,Anguilla,Mount Fortune,27,26,20,E,0.7,76,46,1014
2010-12-07,Anguilla,Mount Fortune,27,26,26,E,9.9,79,62,1014
2010-12-08,Anguilla,Mount Fortune,27,26,25,E,34.6,79,53,1014
2010-12-09,Anguilla,Mount Fortune,27,27,32,E,16.7,77,54,1013
2010-12-10,Anguilla,Mount Fortune,27,27,25,ESE,1.4,76,33,1012
2010-12-11,Anguilla,Mount Fortune,27,26,10,E,0.2,77,20,1012
2010-12-12,Anguilla,Mount Fortune,26,26,13,E,0.2,76,19,1011
2010-12-13,Anguilla,Mount Fortune,26,25,14,ENE,1.8,79,25,1010
2010-12-14,Anguilla,Mount Fortune,26,26,7,SSE,6.4,76,28,1010
2010-12-15,Anguilla,Mount Fortune,27,26,9,ESE,3.8,72,26,1010
2010-12-16,Anguilla,Mount Fortune,26,26,33,NE,10.8,78,54,1014
2010-12-17,Anguilla,Mount Fortune,26,25,29,NE,1.3,77,40,1015
2010-12-18,Anguilla,Mount Fortune,26,25,28,ENE,1.4,74,31,1013
2010-12-19,Anguilla,Mount Fortune,26,25,23,ESE,2.1,77,36,1011
2010-12-20,Anguilla,Mount Fortune,27,26,12,S,9.9,78,27,1011
2010-12-21,Anguilla,Mount Fortune,27,26,21,NNE,5.7,77,43,1013
2010-12-22,Anguilla,Mount Fortune,26,25,24,NNE,0.4,76,44,1015
2010-12-23,Anguilla,Mount Fortune,25,24,15,ENE,0.0,70,31,1013
2010-12-24,Anguilla,Mount Fortune,25,25,14,WNW,0.0,67,18,1013
2010-12-25,Anguilla,Mount Fortune,26,25,20,NE,0.4,75,36,1014
2010-12-26,Anguilla,Mount Fortune,27,26,27,E,1.2,79,63,1014
2010-12-27,Anguilla,Mount Fortune,27,27,14,ESE,0.6,78,25,1014
2010-12-28,Anguilla,Mount Fortune,26,26,15,NE,0.6,78,37,1015
2010-12-29,Anguilla,Mount Fortune,25,25,33,NE,10.3,81,86,1014
2010-12-30,Anguilla,Mount Fortune,25,25,32,NE,1.0,79,76,1014
2010-12-31,Anguilla,Mount Fortune,25,24,28,NE,0.9,71,47,1015
2011-01-01,Anguilla,Mount Fortune,25,25,31,NE,1.5,72,26,1015
2011-01-02,Anguilla,Mount Fortune,26,25,34,NE,2.5,73,33,1014
2011-01-03,Anguilla,Mount Fortune,25,25,31,NE,0.3,73,50,1014
2011-01-04,Anguilla,Mount Fortune,25,25,33,NE,2.4,75,57,1014
2011-01-05,Anguilla,Mount Fortune,26,25,26,ENE,3.3,77,57,1015
2011-01-06,Anguilla,Mount Fortune,25,25,21,E,0.3,77,48,1013
2011-01-07,Anguilla,Mount Fortune,26,26,17,SE,1.3,80,33,1012
2011-01-08,Anguilla,Mount Fortune,26,26,22,ESE,2.8,78,20,1013
2011-01-09,Anguilla,Mount Fortune,26,26,23,E,0.3,78,40,1015
2011-01-10,Anguilla,Mount Fortune,26,26,28,E,1.5,79,48,1016
2011-01-11,Anguilla,Mount Fortune,26,26,33,ENE,0.7,76,37,1018
2011-01-12,Anguilla,Mount Fortune,26,26,36,E,3.2,79,50,1016
2011-01-13,Anguilla,Mount Fortune,26,26,32,E,3.3,79,44,1016
2011-01-14,Anguilla,Mount Fortune,26,26,25,E,0.2,74,38,1015
2011-01-15,Anguilla,Mount Fortune,26,26,23,E,0.5,76,34,1014
2011-01-16,Anguilla,Mount Fortune,26,26,19,E,1.5,78,39,1015
2011-01-17,Anguilla,Mount Fortune,26,26,27,E,1.1,77,39,1015
2011-01-18,Anguilla,Mount Fortune,26,26,30,E,1.9,79,46,1016
2011-01-19,Anguilla,Mount Fortune,26,26,28,E,1.7,78,47,1016
2011-01-20,Anguilla,Mount Fortune,26,25,24,ENE,0.5,78,46,1014
2011-01-21,Anguilla,Mount Fortune,26,26,22,E,0.6,75,33,1013
2011-01-22,Anguilla,Mount Fortune,26,25,23,ESE,0.5,77,42,1013
2011-01-23,Anguilla,Mount Fortune,26,26,19,ESE,0.1,75,18,1015
2011-01-24,Anguilla,Mount Fortune,26,26,25,ENE,0.7,75,28,1016
2011-01-25,Anguilla,Mount Fortune,26,25,26,ENE,0.2,74,31,1016
2011-01-26,Anguilla,Mount Fortune,26,25,26,ENE,0.2,75,37,1016
2011-01-27,Anguilla,Mount Fortune,26,26,29,E,0.9,77,42,1016
2011-01-28,Anguilla,Mount Fortune,26,26,24,E,0.4,74,29,1016
2011-01-29,Anguilla,Mount Fortune,26,25,17,E,0.4,75,24,1017
2011-01-30,Anguilla,Mount Fortune,26,25,23,E,4.2,76,50,1018
2011-01-31,Anguilla,Mount Fortune,26,25,22,E,0.6,74,29,1018
2011-02-01,Anguilla,Mount Fortune,26,25,27,ENE,2.4,78,38,1017
2011-02-02,Anguilla,Mount Fortune,26,25,28,ENE,2.1,77,37,1018
2011-02-03,Anguilla,Mount Fortune,25,25,27,NE,2.4,74,27,1017
2011-02-04,Anguilla,Mount Fortune,26,25,28,ENE,2.8,74,32,1015
2011-02-05,Anguilla,Mount Fortune,26,26,28,E,3.8,77,42,1015
2011-02-06,Anguilla,Mount Fortune,26,26,31,E,6.0,79,48,1016
2011-02-07,Anguilla,Mount Fortune,26,26,31,E,2.1,76,31,1018
2011-02-08,Anguilla,Mount Fortune,26,26,28,E,1.6,74,33,1018
2011-02-09,Anguilla,Mount Fortune,26,26,28,E,1.9,75,35,1017
2011-02-10,Anguilla,Mount Fortune,26,25,29,E,3.0,76,42,1016
2011-02-11,Anguilla,Mount Fortune,26,26,27,E,1.2,75,25,1017
2011-02-12,Anguilla,Mount Fortune,26,26,26,E,1.9,79,48,1017
2011-02-13,Anguilla,Mount Fortune,26,26,23,E,1.8,78,39,1016
2011-02-14,Anguilla,Mount Fortune,26,25,22,E,2.6,78,38,1016
2011-02-15,Anguilla,Mount Fortune,26,25,18,ESE,1.0,78,38,1016
2011-02-16,Anguilla,Mount Fortune,26,25,20,ESE,1.0,77,44,1016
2011-02-17,Anguilla,Mount Fortune,26,25,18,E,0.6,75,26,1015
2011-02-18,Anguilla,Mount Fortune,25,25,13,ENE,2.7,77,24,1015
2011-02-19,Anguilla,Mount Fortune,25,25,12,ENE,3.9,74,13,1013
2011-02-20,Anguilla,Mount Fortune,25,24,11,ENE,4.9,75,24,1014
2011-02-21,Anguilla,Mount Fortune,25,25,28,NE,8.0,74,32,1016
2011-02-22,Anguilla,Mount Fortune,25,25,26,ENE,0.9,75,35,1017
2011-02-23,Anguilla,Mount Fortune,24,24,20,NE,0.0,74,30,1016
2011-02-24,Anguilla,Mount Fortune,24,24,23,NE,0.0,75,26,1017
2011-02-25,Anguilla,Mount Fortune,25,24,31,NE,0.7,74,35,1018
2011-02-26,Anguilla,Mount Fortune,25,24,29,ENE,0.8,70,35,1017
2011-02-27,Anguilla,Mount Fortune,26,25,25,E,0.6,76,59,1017
2011-02-28,Anguilla,Mount Fortune,25,25,33,ENE,1.6,70,38,1018
2011-03-01,Anguilla,Mount Fortune,25,25,31,ENE,1.2,69,35,1016
2011-03-02,Anguilla,Mount Fortune,25,24,27,ENE,1.3,74,33,1015
2011-03-03,Anguilla,Mount Fortune,26,25,24,ESE,0.5,75,59,1016
2011-03-04,Anguilla,Mount Fortune,26,25,24,ESE,0.7,76,59,1016
2011-03-05,Anguilla,Mount Fortune,26,25,24,ESE,0.6,75,51,1016
2011-03-06,Anguilla,Mount Fortune,25,25,26,ESE,1.5,74,48,1016
2011-03-07,Anguilla,Mount Fortune,25,24,23,NE,1.7,75,36,1014
2011-03-08,Anguilla,Mount Fortune,24,24,21,NNE,0.0,68,13,1015
2011-03-09,Anguilla,Mount Fortune,25,24,22,NNE,0.4,70,21,1016
2011-03-10,Anguilla,Mount Fortune,25,24,18,NE,0.6,70,28,1015
2011-03-11,Anguilla,Mount Fortune,24,24,20,NE,1.3,69,22,1015
2011-03-12,Anguilla,Mount Fortune,25,24,17,NE,0.4,67,9,1017
2011-03-13,Anguilla,Mount Fortune,25,24,23,NE,2.0,70,19,1016
2011-03-14,Anguilla,Mount Fortune,25,24,24,NE,0.3,73,30,1016
2011-03-15,Anguilla,Mount Fortune,25,25,26,NE,0.4,74,30,1017
2011-03-16,Anguilla,Mount Fortune,25,24,24,NE,0.1,73,24,1018
2011-03-17,Anguilla,Mount Fortune,25,24,23,ENE,0.6,73,22,1017
2011-03-18,Anguilla,Mount Fortune,25,24,18,NE,0.8,75,29,1015
2011-03-19,Anguilla,Mount Fortune,25,25,19,NNE,0.0,75,22,1015
2011-03-20,Anguilla,Mount Fortune,25,24,25,NNE,0.3,73,25,1014
2011-03-21,Anguilla,Mount Fortune,25,24,27,NE,0.7,69,16,1014
2011-03-22,Anguilla,Mount Fortune,25,24,27,ENE,1.7,74,34,1014
2011-03-23,Anguilla,Mount Fortune,25,24,24,ENE,1.6,77,44,1015
2011-03-24,Anguilla,Mount Fortune,26,25,26,E,0.6,78,34,1015
2011-03-25,Anguilla,Mount Fortune,26,25,21,E,6.4,82,40,1015
2011-03-26,Anguilla,Mount Fortune,26,25,22,E,1.3,81,42,1016
2011-03-27,Anguilla,Mount Fortune,26,25,20,E,0.1,77,27,1016
2011-03-28,Anguilla,Mount Fortune,26,25,24,E,2.6,72,20,1016
2011-03-29,Anguilla,Mount Fortune,26,25,24,ESE,11.0,81,35,1016
2011-03-30,Anguilla,Mount Fortune,26,26,26,ESE,7.0,82,38,1016
2011-03-31,Anguilla,Mount Fortune,26,26,26,ESE,0.0,77,42,1016
2011-04-01,Anguilla,Mount Fortune,26,26,26,ESE,0.4,78,22,1016
2011-04-02,Anguilla,Mount Fortune,26,26,24,ESE,0.0,77,16,1016
2011-04-03,Anguilla,Mount Fortune,26,25,18,E,0.2,77,17,1017
2011-04-04,Anguilla,Mount Fortune,26,25,29,ENE,0.8,76,32,1017
2011-04-05,Anguilla,Mount Fortune,26,26,35,E,0.7,76,39,1017
2011-04-06,Anguilla,Mount Fortune,26,25,24,E,0.2,75,39,1017
2011-04-07,Anguilla,Mount Fortune,26,25,24,ENE,2.6,75,39,1016
2011-04-08,Anguilla,Mount Fortune,26,25,25,ENE,0.1,73,38,1016
2011-04-09,Anguilla,Mount Fortune,26,25,25,ENE,0.7,74,28,1016
2011-04-10,Anguilla,Mount Fortune,26,25,20,ENE,5.9,75,28,1015
2011-04-11,Anguilla,Mount Fortune,26,25,18,NE,0.0,75,35,1015
2011-04-12,Anguilla,Mount Fortune,26,25,19,ESE,8.8,77,32,1015
2011-04-13,Anguilla,Mount Fortune,26,25,16,E,12.0,75,29,1015
2011-04-14,Anguilla,Mount Fortune,26,25,21,E,28.3,77,44,1014
2011-04-15,Anguilla,Mount Fortune,26,25,18,E,18.6,76,32,1013
2011-04-16,Anguilla,Mount Fortune,26,25,20,NE,0.1,75,33,1012
2011-04-17,Anguilla,Mount Fortune,26,25,19,NNE,0.2,73,22,1012
2011-04-18,Anguilla,Mount Fortune,26,25,13,E,0.3,73,8,1014
2011-04-19,Anguilla,Mount Fortune,26,25,11,ESE,0.7,72,15,1014
2011-04-20,Anguilla,Mount Fortune,26,25,8,E,0.0,69,4,1013
2011-04-21,Anguilla,Mount Fortune,26,25,7,S,0.0,69,12,1012
2011-04-22,Anguilla,Mount Fortune,26,26,7,S,0.0,68,12,1013
2011-04-23,Anguilla,Mount Fortune,26,25,10,NE,0.0,70,11,1014
2011-04-24,Anguilla,Mount Fortune,27,26,19,ENE,0.5,76,39,1015
2011-04-25,Anguilla,Mount Fortune,27,26,26,E,6.5,77,37,1014
2011-04-26,Anguilla,Mount Fortune,27,26,37,E,7.6,77,48,1015
2011-04-27,Anguilla,Mount Fortune,27,26,37,E,8.7,77,49,1016
2011-04-28,Anguilla,Mount Fortune,27,26,34,E,1.2,73,27,1016
2011-04-29,Anguilla,Mount Fortune,26,26,30,E,1.0,75,33,1015
2011-04-30,Anguilla,Mount Fortune,26,26,28,E,5.0,78,48,1013
2011-05-01,Anguilla,Mount Fortune,27,26,27,E,10.4,79,63,1013
2011-05-02,Anguilla,Mount Fortune,27,26,26,E,0.0,76,51,1014
2011-05-03,Anguilla,Mount Fortune,26,26,21,ENE,0.1,78,45,1014
2011-05-04,Anguilla,Mount Fortune,26,25,16,NE,0.0,76,29,1014
2011-05-05,Anguilla,Mount Fortune,25,25,13,ESE,0.0,73,17,1013
2011-05-06,Anguilla,Mount Fortune,26,25,14,NE,0.0,69,7,1015
2011-05-07,Anguilla,Mount Fortune,26,25,16,ENE,0.0,74,25,1014
2011-05-08,Anguilla,Mount Fortune,26,25,19,ENE,0.2,80,64,1013
2011-05-09,Anguilla,Mount Fortune,26,26,19,ENE,1.9,80,50,1012
2011-05-10,Anguilla,Mount Fortune,26,26,8,ESE,8.0,79,39,1011
2011-05-11,Anguilla,Mount Fortune,27,26,5,ESE,6.3,78,22,1013
2011-05-12,Anguilla,Mount Fortune,27,27,8,SE,3.5,79,23,1012
2011-05-13,Anguilla,Mount Fortune,27,26,11,SE,14.6,75,33,1010
2011-05-14,Anguilla,Mount Fortune,27,27,15,SSE,16.4,76,44,1011
2011-05-15,Anguilla,Mount Fortune,27,27,19,SSE,9.3,76,49,1012
2011-05-16,Anguilla,Mount Fortune,27,27,24,SE,5.3,77,32,1013
2011-05-17,Anguilla,Mount Fortune,27,27,22,ESE,4.5,79,43,1013
2011-05-18,Anguilla,Mount Fortune,27,26,28,ESE,9.5,79,51,1014
2011-05-19,Anguilla,Mount Fortune,27,27,29,E,42.5,80,65,1015
2011-05-20,Anguilla,Mount Fortune,27,27,26,E,30.5,79,54,1014
2011-05-21,Anguilla,Mount Fortune,27,26,25,E,15.6,80,44,1015
2011-05-22,Anguilla,Mount Fortune,27,27,16,ESE,12.4,82,33,1015
2011-05-23,Anguilla,Mount Fortune,27,27,10,E,0.1,79,12,1014
2011-05-24,Anguilla,Mount Fortune,27,26,11,ENE,1.1,79,37,1013
2011-05-25,Anguilla,Mount Fortune,27,26,10,E,3.5,79,36,1013
2011-05-26,Anguilla,Mount Fortune,28,27,10,SE,11.2,80,27,1015
2011-05-27,Anguilla,Mount Fortune,28,27,10,E,0.5,80,29,1014
2011-05-28,Anguilla,Mount Fortune,28,27,11,E,0.2,78,24,1013
2011-05-29,Anguilla,Mount Fortune,28,27,23,ESE,10.6,79,26,1014
2011-05-30,Anguilla,Mount Fortune,28,28,22,ESE,21.9,79,30,1014
2011-05-31,Anguilla,Mount Fortune,28,28,19,E,6.8,79,33,1014
2011-06-01,Anguilla,Mount Fortune,28,28,17,ESE,5.2,78,34,1014
2011-06-02,Anguilla,Mount Fortune,28,28,12,ESE,1.5,74,26,1013
2011-06-03,Anguilla,Mount Fortune,28,28,9,ESE,13.5,72,19,1012
2011-06-04,Anguilla,Mount Fortune,28,27,5,E,0.0,69,18,1013
2011-06-05,Anguilla,Mount Fortune,28,26,8,E,9.6,77,65,1014
2011-06-06,Anguilla,Mount Fortune,28,26,17,ESE,8.6,77,74,1013
2011-06-07,Anguilla,Mount Fortune,28,28,27,SE,10.2,77,67,1014
2011-06-08,Anguilla,Mount Fortune,28,27,15,SSE,36.4,78,63,1014
2011-06-09,Anguilla,Mount Fortune,29,28,7,SE,19.9,76,30,1014
2011-06-10,Anguilla,Mount Fortune,29,28,16,SE,0.0,79,27,1015
2011-06-11,Anguilla,Mount Fortune,29,28,18,ESE,0.1,78,32,1015
2011-06-12,Anguilla,Mount Fortune,28,28,20,ESE,2.2,79,30,1014
2011-06-13,Anguilla,Mount Fortune,29,28,17,ESE,7.4,76,18,1015
2011-06-14,Anguilla,Mount Fortune,29,28,18,ESE,5.2,78,35,1015
2011-06-15,Anguilla,Mount Fortune,29,28,25,ESE,15.3,77,46,1014
2011-06-16,Anguilla,Mount Fortune,29,28,25,E,3.5,79,39,1016
2011-06-17,Anguilla,Mount Fortune,29,29,28,E,1.1,76,26,1017
2011-06-18,Anguilla,Mount Fortune,29,28,27,E,1.3,76,32,1017
2011-06-19,Anguilla,Mount Fortune,29,28,27,E,1.2,75,31,1016
2011-06-20,Anguilla,Mount Fortune,29,28,25,E,0.5,77,38,1015
2011-06-21,Anguilla,Mount Fortune,29,28,28,E,4.2,79,31,1016
2011-06-22,Anguilla,Mount Fortune,29,28,25,E,0.3,76,23,1017
2011-06-23,Anguilla,Mount Fortune,29,28,26,ENE,0.4,74,23,1016
2011-06-24,Anguilla,Mount Fortune,28,28,24,ENE,4.4,75,38,1015
2011-06-25,Anguilla,Mount Fortune,29,28,26,E,12.9,75,43,1016
2011-06-26,Anguilla,Mount Fortune,29,28,29,E,6.7,79,50,1017
2011-06-27,Anguilla,Mount Fortune,28,28,22,E,1.1,78,50,1017
2011-06-28,Anguilla,Mount Fortune,29,28,32,ENE,0.6,79,38,1017
2011-06-29,Anguilla,Mount Fortune,29,28,31,ENE,0.5,79,28,1016
2011-06-30,Anguilla,Mount Fortune,28,28,32,E,0.2,77,21,1015
2011-07-01,Anguilla,Mount Fortune,28,28,33,E,5.3,79,44,1015
2011-07-02,Anguilla,Mount Fortune,28,28,30,E,12.8,79,42,1015
2011-07-03,Anguilla,Mount Fortune,28,28,31,ESE,23.5,79,57,1014
2011-07-04,Anguilla,Mount Fortune,28,28,29,E,1.0,78,42,1015
2011-07-05,Anguilla,Mount Fortune,28,28,25,E,4.9,77,34,1015
2011-07-06,Anguilla,Mount Fortune,28,28,27,E,7.0,77,41,1016
2011-07-07,Anguilla,Mount Fortune,28,27,31,E,18.9,77,58,1017
2011-07-08,Anguilla,Mount Fortune,28,28,29,E,5.7,78,57,1016
2011-07-09,Anguilla,Mount Fortune,28,28,24,E,6.3,79,51,1016
2011-07-10,Anguilla,Mount Fortune,28,28,26,E,11.7,77,45,1016
2011-07-11,Anguilla,Mount Fortune,28,28,26,E,11.9,77,47,1016
2011-07-12,Anguilla,Mount Fortune,28,28,24,ESE,2.9,75,34,1016
2011-07-13,Anguilla,Mount Fortune,28,28,22,E,20.6,79,41,1015
2011-07-14,Anguilla,Mount Fortune,28,28,15,ESE,8.1,77,23,1014
2011-07-15,Anguilla,Mount Fortune,28,27,13,E,10.1,74,17,1014
2011-07-16,Anguilla,Mount Fortune,28,28,22,ESE,18.3,75,29,1016
2011-07-17,Anguilla,Mount Fortune,29,28,26,E,1.5,74,32,1016
2011-07-18,Anguilla,Mount Fortune,29,28,26,E,8.5,78,47,1015
2011-07-19,Anguilla,Mount Fortune,29,28,21,ESE,16.9,79,42,1015
2011-07-20,Anguilla,Mount Fortune,29,28,22,ESE,6.2,78,36,1016
2011-07-21,Anguilla,Mount Fortune,29,28,27,E,8.2,77,46,1016
2011-07-22,Anguilla,Mount Fortune,29,28,31,ENE,20.6,79,58,1016
2011-07-23,Anguilla,Mount Fortune,29,28,30,E,3.2,81,60,1016
2011-07-24,Anguilla,Mount Fortune,29,28,31,E,1.8,78,41,1016
2011-07-25,Anguilla,Mount Fortune,28,28,26,ENE,0.6,74,26,1015
2011-07-26,Anguilla,Mount Fortune,28,28,27,E,7.1,77,40,1014
2011-07-27,Anguilla,Mount Fortune,29,28,26,E,9.5,77,38,1014
2011-07-28,Anguilla,Mount Fortune,29,28,23,E,8.4,77,32,1015
2011-07-29,Anguilla,Mount Fortune,29,28,26,E,17.3,78,42,1013
2011-07-30,Anguilla,Mount Fortune,28,28,25,E,9.7,75,30,1013
2011-07-31,Anguilla,Mount Fortune,29,28,26,E,5.4,76,30,1014
2011-08-01,Anguilla,Mount Fortune,29,28,33,ENE,3.3,77,47,1013
2011-08-02,Anguilla,Mount Fortune,29,28,39,ESE,19.2,77,45,1012
2011-08-03,Anguilla,Mount Fortune,29,28,32,ESE,19.7,80,65,1013
2011-08-04,Anguilla,Mount Fortune,29,28,29,ESE,3.9,81,51,1016
2011-08-05,Anguilla,Mount Fortune,29,29,32,E,0.5,77,40,1017
2011-08-06,Anguilla,Mount Fortune,29,28,31,E,0.9,78,50,1016
2011-08-07,Anguilla,Mount Fortune,29,28,25,ENE,1.3,80,54,1016
2011-08-08,Anguilla,Mount Fortune,28,28,22,ENE,0.2,78,36,1015
2011-08-09,Anguilla,Mount Fortune,28,27,22,E,0.0,78,33,1015
2011-08-10,Anguilla,Mount Fortune,29,28,24,E,1.7,81,43,1014
2011-08-11,Anguilla,Mount Fortune,29,28,21,E,0.9,80,37,1015
2011-08-12,Anguilla,Mount Fortune,28,28,20,ENE,0.4,77,35,1015
2011-08-13,Anguilla,Mount Fortune,28,28,13,E,1.8,76,20,1013
2011-08-14,Anguilla,Mount Fortune,29,28,16,ESE,3.6,76,24,1013
2011-08-15,Anguilla,Mount Fortune,29,28,23,E,6.1,78,30,1014
2011-08-16,Anguilla,Mount Fortune,29,29,34,E,8.2,80,37,1014
2011-08-17,Anguilla,Mount Fortune,29,29,29,E,9.4,77,35,1015
2011-08-18,Anguilla,Mount Fortune,29,28,25,ENE,7.3,76,38,1013
2011-08-19,Anguilla,Mount Fortune,29,28,26,E,11.4,77,34,1012
2011-08-20,Anguilla,Mount Fortune,29,29,29,ENE,4.6,78,46,1012
2011-08-21,Anguilla,Mount Fortune,28,28,47,E,87.5,79,64,1009
2011-08-22,Anguilla,Mount Fortune,29,28,37,SE,41.8,80,51,1011
2011-08-23,Anguilla,Mount Fortune,29,28,28,ESE,33.4,78,45,1011
2011-08-24,Anguilla,Mount Fortune,29,28,23,SE,7.3,77,34,1013
2011-08-25,Anguilla,Mount Fortune,29,28,16,ESE,2.1,77,45,1015
2011-08-26,Anguilla,Mount Fortune,28,28,14,ESE,0.0,76,38,1016
2011-08-27,Anguilla,Mount Fortune,28,28,15,ESE,0.1,76,41,1015
2011-08-28,Anguilla,Mount Fortune,29,28,21,E,0.1,77,43,1014
2011-08-29,Anguilla,Mount Fortune,29,28,19,E,1.7,77,43,1015
2011-08-30,Anguilla,Mount Fortune,29,28,22,E,3.5,74,36,1014
2011-08-31,Anguilla,Mount Fortune,28,28,20,E,4.5,74,23,1015
2011-09-01,Anguilla,Mount Fortune,29,28,15,ESE,1.9,74,21,1015
2011-09-02,Anguilla,Mount Fortune,29,28,14,ESE,5.0,75,14,1014
2011-09-03,Anguilla,Mount Fortune,29,28,15,ENE,8.1,75,14,1013
2011-09-04,Anguilla,Mount Fortune,29,28,14,W,1.1,74,23,1013
2011-09-05,Anguilla,Mount Fortune,29,28,11,SW,1.7,74,14,1013
2011-09-06,Anguilla,Mount Fortune,29,28,15,ESE,0.6,74,20,1014
2011-09-07,Anguilla,Mount Fortune,29,28,20,E,24.5,78,41,1013
2011-09-08,Anguilla,Mount Fortune,29,29,26,ESE,4.9,78,38,1014
2011-09-09,Anguilla,Mount Fortune,29,29,33,ENE,0.1,76,45,1013
2011-09-10,Anguilla,Mount Fortune,28,28,33,ENE,8.7,78,60,1010
2011-09-11,Anguilla,Mount Fortune,29,28,47,S,112.3,80,58,1010
2011-09-12,Anguilla,Mount Fortune,28,28,35,SE,43.1,79,57,1015
2011-09-13,Anguilla,Mount Fortune,29,28,20,SE,15.6,76,45,1014
2011-09-14,Anguilla,Mount Fortune,29,29,27,SE,3.7,79,45,1014
2011-09-15,Anguilla,Mount Fortune,29,29,26,E,0.8,78,39,1015
2011-09-16,Anguilla,Mount Fortune,28,27,23,ENE,8.6,74,29,1015
2011-09-17,Anguilla,Mount Fortune,28,27,27,ESE,32.2,75,34,1013
2011-09-18,Anguilla,Mount Fortune,28,28,24,E,14.2,75,31,1013
2011-09-19,Anguilla,Mount Fortune,28,28,20,E,28.3,76,39,1013
2011-09-20,Anguilla,Mount Fortune,28,28,23,E,6.1,78,45,1013
2011-09-21,Anguilla,Mount Fortune,29,28,28,E,3.3,78,46,1014
2011-09-22,Anguilla,Mount Fortune,29,28,31,E,6.1,78,38,1015
2011-09-23,Anguilla,Mount Fortune,29,28,30,ENE,0.6,74,39,1015
2011-09-24,Anguilla,Mount Fortune,29,28,27,NE,0.2,76,40,1013
2011-09-25,Anguilla,Mount Fortune,28,28,17,NE,19.2,79,35,1012
2011-09-26,Anguilla,Mount Fortune,29,28,9,SE,3.1,79,35,1012
2011-09-27,Anguilla,Mount Fortune,28,28,14,E,5.8,80,32,1012
2011-09-28,Anguilla,Mount Fortune,28,28,18,NE,5.9,77,32,1010
2011-09-29,Anguilla,Mount Fortune,29,28,17,WNW,11.7,75,19,1009
2011-09-30,Anguilla,Mount Fortune,29,28,17,S,10.1,75,22,1011
2011-10-01,Anguilla,Mount Fortune,29,28,19,SE,15.7,79,19,1013
2011-10-02,Anguilla,Mount Fortune,29,28,25,E,0.2,78,39,1015
2011-10-03,Anguilla,Mount Fortune,28,28,24,E,0.3,76,35,1014
2011-10-04,Anguilla,Mount Fortune,28,28,21,E,2.0,75,34,1013
2011-10-05,Anguilla,Mount Fortune,28,28,20,ESE,1.0,74,18,1013
2011-10-06,Anguilla,Mount Fortune,28,28,21,ESE,0.0,74,32,1013
2011-10-07,Anguilla,Mount Fortune,29,28,19,ESE,0.1,73,28,1013
2011-10-08,Anguilla,Mount Fortune,28,28,22,E,0.1,76,13,1013
2011-10-09,Anguilla,Mount Fortune,28,28,23,E,0.3,76,33,1013
2011-10-10,Anguilla,Mount Fortune,28,27,19,E,0.2,75,29,1012
2011-10-11,Anguilla,Mount Fortune,28,28,19,E,20.3,76,29,1012
2011-10-12,Anguilla,Mount Fortune,28,28,21,ESE,31.1,78,25,1012
2011-10-13,Anguilla,Mount Fortune,28,28,26,ESE,1.2,74,25,1012
2011-10-14,Anguilla,Mount Fortune,28,28,23,E,0.7,74,27,1013
2011-10-15,Anguilla,Mount Fortune,28,28,24,ENE,11.4,74,23,1012
2011-10-16,Anguilla,Mount Fortune,28,27,25,E,5.7,75,27,1012
2011-10-17,Anguilla,Mount Fortune,28,27,21,E,6.2,76,38,1012
2011-10-18,Anguilla,Mount Fortune,28,28,22,E,2.7,75,29,1012
2011-10-19,Anguilla,Mount Fortune,28,28,21,ENE,11.2,74,24,1013
2011-10-20,Anguilla,Mount Fortune,28,28,26,NE,4.7,76,35,1012
2011-10-21,Anguilla,Mount Fortune,28,27,22,ENE,13.3,75,38,1009
2011-10-22,Anguilla,Mount Fortune,28,27,14,SE,3.5,73,21,1010
2011-10-23,Anguilla,Mount Fortune,28,28,18,E,6.3,75,33,1012
2011-10-24,Anguilla,Mount Fortune,29,28,27,ENE,1.2,78,37,1012
2011-10-25,Anguilla,Mount Fortune,28,28,23,E,13.2,79,44,1011
2011-10-26,Anguilla,Mount Fortune,28,28,22,ENE,0.8,76,31,1011
2011-10-27,Anguilla,Mount Fortune,28,28,27,E,6.0,76,40,1012
2011-10-28,Anguilla,Mount Fortune,28,28,29,E,8.0,75,29,1013
2011-10-29,Anguilla,Mount Fortune,29,28,28,E,3.0,75,31,1013
2011-10-30,Anguilla,Mount Fortune,28,28,27,ENE,3.4,76,36,1013
2011-10-31,Anguilla,Mount Fortune,28,28,28,ENE,6.0,75,35,1012
2011-11-01,Anguilla,Mount Fortune,28,28,16,ESE,5.2,74,25,1012
2011-11-02,Anguilla,Mount Fortune,28,27,20,SE,17.1,77,55,1013
2011-11-03,Anguilla,Mount Fortune,28,28,19,ESE,29.6,75,48,1012
2011-11-04,Anguilla,Mount Fortune,28,27,18,SE,64.3,79,29,1011
2011-11-05,Anguilla,Mount Fortune,28,27,10,SSE,0.0,78,34,1011
2011-11-06,Anguilla,Mount Fortune,28,28,9,E,13.4,78,23,1012
2011-11-07,Anguilla,Mount Fortune,28,28,12,SE,19.3,76,40,1011
2011-11-08,Anguilla,Mount Fortune,28,28,19,SE,25.8,76,17,1010
2011-11-09,Anguilla,Mount Fortune,28,28,17,ESE,8.9,77,44,1011
2011-11-10,Anguilla,Mount Fortune,29,28,27,SE,0.0,76,37,1011
2011-11-11,Anguilla,Mount Fortune,28,28,21,ESE,0.4,74,25,1013
2011-11-12,Anguilla,Mount Fortune,28,27,26,ENE,0.0,75,33,1014
2011-11-13,Anguilla,Mount Fortune,28,27,27,ENE,0.2,75,35,1014
2011-11-14,Anguilla,Mount Fortune,28,27,21,ENE,6.1,77,38,1013
2011-11-15,Anguilla,Mount Fortune,27,27,24,ENE,9.2,77,43,1012
2011-11-16,Anguilla,Mount Fortune,28,27,25,ENE,4.1,74,27,1012
2011-11-17,Anguilla,Mount Fortune,27,27,24,ENE,7.6,75,39,1012
2011-11-18,Anguilla,Mount Fortune,27,27,22,ENE,5.7,76,39,1012
2011-11-19,Anguilla,Mount Fortune,28,27,20,NE,5.4,74,35,1013
2011-11-20,Anguilla,Mount Fortune,27,27,16,ESE,15.2,77,41,1011
2011-11-21,Anguilla,Mount Fortune,27,26,16,NE,11.2,77,44,1012
2011-11-22,Anguilla,Mount Fortune,28,27,17,ENE,4.5,76,43,1014
2011-11-23,Anguilla,Mount Fortune,28,27,23,ENE,4.5,76,39,1015
2011-11-24,Anguilla,Mount Fortune,28,27,20,E,7.4,76,42,1015
2011-11-25,Anguilla,Mount Fortune,27,27,18,E,20.8,75,19,1013
2011-11-26,Anguilla,Mount Fortune,27,27,18,ESE,42.5,76,26,1012
2011-11-27,Anguilla,Mount Fortune,28,26,30,E,39.5,77,50,1010
2011-11-28,Anguilla,Mount Fortune,27,26,21,E,17.9,76,46,1009
2011-11-29,Anguilla,Mount Fortune,27,26,13,ENE,5.4,77,29,1008
2011-11-30,Anguilla,Mount Fortune,27,26,13,SW,0.1,74,23,1009
2011-12-01,Anguilla,Mount Fortune,27,26,14,NE,0.0,73,9,1013
2011-12-02,Anguilla,Mount Fortune,27,26,19,NE,0.0,77,25,1013
2011-12-03,Anguilla,Mount Fortune,27,26,21,NE,4.4,78,44,1012
2011-12-04,Anguilla,Mount Fortune,27,26,14,E,18.9,75,31,1011
2011-12-05,Anguilla,Mount Fortune,27,26,12,NE,16.5,73,41,1010
2011-12-06,Anguilla,Mount Fortune,27,26,14,ENE,3.9,76,18,1010
2011-12-07,Anguilla,Mount Fortune,27,26,21,ENE,0.9,77,33,1011
2011-12-08,Anguilla,Mount Fortune,27,27,17,NE,2.7,79,42,1012
2011-12-09,Anguilla,Mount Fortune,27,26,26,ENE,32.1,80,46,1012
2011-12-10,Anguilla,Mount Fortune,27,27,28,ENE,33.2,78,50,1011
2011-12-11,Anguilla,Mount Fortune,26,26,15,ENE,12.8,75,32,1011
2011-12-12,Anguilla,Mount Fortune,27,26,10,NE,1.2,75,8,1012
2011-12-13,Anguilla,Mount Fortune,26,26,10,NNE,5.1,77,10,1012
2011-12-14,Anguilla,Mount Fortune,27,26,16,SW,0.0,75,7,1011
2011-12-15,Anguilla,Mount Fortune,26,26,31,NNE,1.5,75,37,1011
2011-12-16,Anguilla,Mount Fortune,26,26,30,NNE,0.7,70,24,1014
2011-12-17,Anguilla,Mount Fortune,26,25,26,NE,2.7,71,40,1014
2011-12-18,Anguilla,Mount Fortune,26,25,24,NE,0.8,68,23,1015
2011-12-19,Anguilla,Mount Fortune,26,25,25,NE,0.6,65,25,1016
2011-12-20,Anguilla,Mount Fortune,26,25,32,ENE,1.3,72,34,1017
2011-12-21,Anguilla,Mount Fortune,26,25,40,ENE,3.2,74,46,1017
2011-12-22,Anguilla,Mount Fortune,27,26,44,ENE,0.9,71,27,1017
2011-12-23,Anguilla,Mount Fortune,26,26,37,ENE,1.1,73,37,1017
2011-12-24,Anguilla,Mount Fortune,26,26,32,ENE,0.8,73,32,1017
2011-12-25,Anguilla,Mount Fortune,27,26,28,ENE,0.9,72,34,1017
2011-12-26,Anguilla,Mount Fortune,27,26,23,ENE,1.5,71,31,1017
2011-12-27,Anguilla,Mount Fortune,26,26,28,ENE,0.5,74,32,1018
2011-12-28,Anguilla,Mount Fortune,26,26,28,E,1.5,74,32,1018
2011-12-29,Anguilla,Mount Fortune,27,26,31,E,4.5,77,40,1018
2011-12-30,Anguilla,Mount Fortune,27,26,32,E,4.3,77,40,1019
2011-12-31,Anguilla,Mount Fortune,27,26,31,E,2.6,76,38,1018
2012-01-01,Anguilla,Mount Fortune,27,26,31,E,1.8,74,22,1018
2012-01-02,Anguilla,Mount Fortune,27,26,33,E,1.3,74,17,1017
2012-01-03,Anguilla,Mount Fortune,27,26,26,ESE,6.2,75,32,1016
2012-01-04,Anguilla,Mount Fortune,26,26,17,E,2.0,74,29,1016
2012-01-05,Anguilla,Mount Fortune,26,26,22,E,16.7,75,27,1016
2012-01-06,Anguilla,Mount Fortune,26,25,18,ESE,5.9,73,29,1016
2012-01-07,Anguilla,Mount Fortune,26,26,26,E,0.5,76,47,1016
2012-01-08,Anguilla,Mount Fortune,26,26,27,E,0.2,74,29,1017
2012-01-09,Anguilla,Mount Fortune,26,26,24,E,0.4,75,48,1016
2012-01-10,Anguilla,Mount Fortune,26,25,22,ENE,0.7,75,38,1015
2012-01-11,Anguilla,Mount Fortune,26,25,23,ENE,0.0,73,31,1015
2012-01-12,Anguilla,Mount Fortune,26,25,28,E,0.7,74,36,1017
2012-01-13,Anguilla,Mount Fortune,26,26,35,E,1.9,75,38,1018
2012-01-14,Anguilla,Mount Fortune,26,26,34,E,2.0,75,40,1019
2012-01-15,Anguilla,Mount Fortune,26,26,30,ENE,1.7,74,28,1019
2012-01-16,Anguilla,Mount Fortune,26,25,27,ENE,0.2,74,30,1019
2012-01-17,Anguilla,Mount Fortune,25,25,33,NE,2.6,75,32,1018
2012-01-18,Anguilla,Mount Fortune,25,25,34,ENE,7.4,76,52,1016
2012-01-19,Anguilla,Mount Fortune,25,25,18,ENE,1.6,75,31,1016
2012-01-20,Anguilla,Mount Fortune,25,25,15,ENE,2.2,74,26,1016
2012-01-21,Anguilla,Mount Fortune,26,25,28,ENE,1.4,74,35,1017
2012-01-22,Anguilla,Mount Fortune,25,25,30,ENE,7.0,74,34,1016
2012-01-23,Anguilla,Mount Fortune,25,24,28,ENE,9.5,77,51,1016
2012-01-24,Anguilla,Mount Fortune,25,24,26,ENE,11.3,73,33,1016
2012-01-25,Anguilla,Mount Fortune,25,24,29,ENE,9.3,75,36,1016
2012-01-26,Anguilla,Mount Fortune,25,24,34,ENE,3.4,73,18,1016
2012-01-27,Anguilla,Mount Fortune,26,25,29,ENE,0.1,70,5,1017
2012-01-28,Anguilla,Mount Fortune,26,25,32,ENE,1.5,73,33,1018
2012-01-29,Anguilla,Mount Fortune,26,25,32,ENE,1.6,72,26,1018
2012-01-30,Anguilla,Mount Fortune,26,25,30,ENE,6.2,75,38,1017
2012-01-31,Anguilla,Mount Fortune,26,25,37,ENE,1.1,76,44,1017
2012-02-01,Anguilla,Mount Fortune,26,25,34,ENE,5.2,76,38,1017
2012-02-02,Anguilla,Mount Fortune,25,25,29,ENE,5.0,77,41,1016
2012-02-03,Anguilla,Mount Fortune,26,25,27,ENE,2.9,75,31,1016
2012-02-04,Anguilla,Mount Fortune,25,25,27,ENE,4.6,76,33,1016
2012-02-05,Anguilla,Mount Fortune,26,25,29,E,1.9,74,31,1016
2012-02-06,Anguilla,Mount Fortune,26,25,28,E,3.4,75,34,1016
2012-02-07,Anguilla,Mount Fortune,26,25,31,E,2.6,75,29,1016
2012-02-08,Anguilla,Mount Fortune,26,25,29,E,0.8,76,36,1015
2012-02-09,Anguilla,Mount Fortune,26,25,27,E,0.3,76,37,1016
2012-02-10,Anguilla,Mount Fortune,26,26,28,E,1.6,75,25,1017
2012-02-11,Anguilla,Mount Fortune,26,25,26,ESE,3.5,76,28,1016
2012-02-12,Anguilla,Mount Fortune,26,25,14,SE,2.9,74,32,1015
2012-02-13,Anguilla,Mount Fortune,26,25,12,E,0.0,73,11,1015
2012-02-14,Anguilla,Mount Fortune,25,25,17,ENE,1.6,76,32,1016
2012-02-15,Anguilla,Mount Fortune,26,25,19,ENE,0.6,74,25,1017
2012-02-16,Anguilla,Mount Fortune,26,25,18,ENE,0.6,74,29,1016
2012-02-17,Anguilla,Mount Fortune,25,25,13,NE,0.5,74,27,1015
2012-02-18,Anguilla,Mount Fortune,25,24,11,E,1.0,71,17,1015
2012-02-19,Anguilla,Mount Fortune,26,25,21,E,0.7,72,18,1016
2012-02-20,Anguilla,Mount Fortune,26,25,18,E,0.3,71,31,1016
2012-02-21,Anguilla,Mount Fortune,26,25,22,ENE,0.3,77,29,1017
2012-02-22,Anguilla,Mount Fortune,26,25,28,ENE,0.2,77,45,1017
2012-02-23,Anguilla,Mount Fortune,26,25,23,E,0.9,75,34,1016
2012-02-24,Anguilla,Mount Fortune,26,25,28,ENE,0.5,75,35,1017
2012-02-25,Anguilla,Mount Fortune,26,26,30,ENE,1.5,74,33,1017
2012-02-26,Anguilla,Mount Fortune,26,25,31,ENE,2.6,74,29,1018
2012-02-27,Anguilla,Mount Fortune,26,26,32,ENE,1.8,73,32,1019
2012-02-28,Anguilla,Mount Fortune,26,25,30,E,6.4,74,38,1018
2012-03-01,Anguilla,Mount Fortune,26,25,30,E,1.6,75,35,1017
2012-03-02,Anguilla,Mount Fortune,26,25,30,E,3.4,78,37,1017
2012-03-03,Anguilla,Mount Fortune,26,25,32,E,2.1,77,33,1017
2012-03-04,Anguilla,Mount Fortune,26,26,33,E,1.3,75,29,1018
2012-03-05,Anguilla,Mount Fortune,26,25,33,E,1.4,75,44,1019
2012-03-06,Anguilla,Mount Fortune,26,25,36,ENE,3.0,73,38,1019
2012-03-07,Anguilla,Mount Fortune,25,25,40,ENE,9.8,76,49,1018
2012-03-08,Anguilla,Mount Fortune,25,25,33,ENE,4.4,73,31,1017
2012-03-09,Anguilla,Mount Fortune,26,25,22,ESE,1.8,73,33,1016
2012-03-10,Anguilla,Mount Fortune,26,25,15,ESE,1.8,74,27,1017
2012-03-11,Anguilla,Mount Fortune,26,25,19,ENE,0.8,77,23,1017
2012-03-12,Anguilla,Mount Fortune,25,24,20,NE,2.4,77,37,1016
2012-03-13,Anguilla,Mount Fortune,25,24,24,ENE,6.6,75,39,1017
2012-03-14,Anguilla,Mount Fortune,25,24,28,ENE,2.5,75,39,1017
2012-03-15,Anguilla,Mount Fortune,26,25,27,E,0.0,74,27,1018
2012-03-16,Anguilla,Mount Fortune,26,25,20,E,0.0,71,18,1017
2012-03-17,Anguilla,Mount Fortune,25,25,18,E,6.2,74,34,1016
2012-03-18,Anguilla,Mount Fortune,26,25,18,E,6.8,71,24,1016
2012-03-19,Anguilla,Mount Fortune,25,25,11,E,8.8,71,14,1014
2012-03-20,Anguilla,Mount Fortune,25,25,17,ENE,3.0,73,19,1014
2012-03-21,Anguilla,Mount Fortune,25,24,22,ENE,11.8,76,37,1015
2012-03-22,Anguilla,Mount Fortune,25,24,26,ENE,26.5,79,46,1014
2012-03-23,Anguilla,Mount Fortune,25,24,23,ENE,36.1,79,42,1014
2012-03-24,Anguilla,Mount Fortune,25,25,23,ENE,15.3,78,52,1015
2012-03-25,Anguilla,Mount Fortune,26,25,23,E,18.5,79,33,1015
2012-03-26,Anguilla,Mount Fortune,26,25,18,SE,9.6,79,26,1014
2012-03-27,Anguilla,Mount Fortune,26,26,9,ESE,3.6,78,21,1014
2012-03-28,Anguilla,Mount Fortune,26,25,18,NE,4.6,78,35,1015
2012-03-29,Anguilla,Mount Fortune,25,25,29,ENE,18.5,80,55,1015
2012-03-30,Anguilla,Mount Fortune,26,25,25,E,6.5,80,48,1017
2012-03-31,Anguilla,Mount Fortune,25,25,25,E,0.1,77,26,1017
2012-04-01,Anguilla,Mount Fortune,26,25,19,ESE,0.0,74,27,1015
2012-04-02,Anguilla,Mount Fortune,26,25,12,SE,0.0,74,12,1013
2012-04-03,Anguilla,Mount Fortune,26,25,7,ESE,0.0,71,15,1014
2012-04-04,Anguilla,Mount Fortune,26,25,15,ENE,0.0,75,18,1014
2012-04-05,Anguilla,Mount Fortune,26,25,19,E,1.4,76,30,1014
2012-04-06,Anguilla,Mount Fortune,26,26,21,ESE,0.8,74,36,1014
2012-04-07,Anguilla,Mount Fortune,26,26,16,ESE,0.7,74,22,1015
2012-04-08,Anguilla,Mount Fortune,26,26,13,E,9.3,75,25,1014
2012-04-09,Anguilla,Mount Fortune,26,25,21,E,15.1,76,31,1013
2012-04-10,Anguilla,Mount Fortune,26,26,24,E,8.3,76,32,1014
2012-04-11,Anguilla,Mount Fortune,26,26,25,ESE,2.1,77,41,1015
2012-04-12,Anguilla,Mount Fortune,27,26,22,ESE,5.2,78,37,1015
2012-04-13,Anguilla,Mount Fortune,26,26,15,SE,12.9,77,24,1015
2012-04-14,Anguilla,Mount Fortune,26,25,14,E,6.0,76,31,1015
2012-04-15,Anguilla,Mount Fortune,25,25,39,NE,5.4,78,71,1016
2012-04-16,Anguilla,Mount Fortune,25,25,34,ENE,0.2,69,29,1016
2012-04-17,Anguilla,Mount Fortune,25,24,25,ENE,0.4,69,28,1016
2012-04-18,Anguilla,Mount Fortune,25,24,23,NE,0.1,72,19,1015
2012-04-19,Anguilla,Mount Fortune,26,25,18,ENE,0.0,73,33,1014
2012-04-20,Anguilla,Mount Fortune,26,25,19,ENE,0.4,77,55,1013
2012-04-21,Anguilla,Mount Fortune,26,25,21,E,11.1,81,47,1013
2012-04-22,Anguilla,Mount Fortune,27,26,18,ESE,11.2,81,30,1014
2012-04-23,Anguilla,Mount Fortune,27,26,18,SE,7.0,83,31,1014
2012-04-24,Anguilla,Mount Fortune,27,26,20,SE,1.5,81,23,1014
2012-04-25,Anguilla,Mount Fortune,27,26,19,ESE,0.2,78,40,1015
2012-04-26,Anguilla,Mount Fortune,27,26,22,E,3.8,78,38,1016
2012-04-27,Anguilla,Mount Fortune,26,26,27,E,0.2,74,43,1016
2012-04-28,Anguilla,Mount Fortune,26,26,29,E,0.8,75,33,1016
2012-04-29,Anguilla,Mount Fortune,26,26,32,E,3.1,76,37,1016
2012-04-30,Anguilla,Mount Fortune,26,26,30,E,2.9,76,44,1015
2012-05-01,Anguilla,Mount Fortune,26,26,28,E,2.9,79,53,1014
2012-05-02,Anguilla,Mount Fortune,26,26,28,E,21.4,80,56,1014
2012-05-03,Anguilla,Mount Fortune,26,26,24,ESE,43.4,80,61,1014
2012-05-04,Anguilla,Mount Fortune,27,26,16,ESE,14.4,78,33,1013
2012-05-05,Anguilla,Mount Fortune,26,26,7,ESE,8.2,79,27,1012
2012-05-06,Anguilla,Mount Fortune,26,25,9,SE,16.1,81,59,1012
2012-05-07,Anguilla,Mount Fortune,26,25,7,E,9.9,78,31,1012
2012-05-08,Anguilla,Mount Fortune,27,26,13,ESE,0.6,79,35,1013
2012-05-09,Anguilla,Mount Fortune,27,26,19,E,2.7,80,35,1013
2012-05-10,Anguilla,Mount Fortune,27,26,23,ESE,4.3,82,32,1013
2012-05-11,Anguilla,Mount Fortune,27,27,24,ESE,14.9,80,34,1016
2012-05-12,Anguilla,Mount Fortune,27,27,23,ESE,0.1,80,50,1017
2012-05-13,Anguilla,Mount Fortune,27,27,20,E,4.9,79,30,1016
2012-05-14,Anguilla,Mount Fortune,27,26,18,E,0.1,76,36,1015
2012-05-15,Anguilla,Mount Fortune,27,26,23,E,8.8,78,44,1016
2012-05-16,Anguilla,Mount Fortune,27,26,31,E,32.1,80,61,1016
2012-05-17,Anguilla,Mount Fortune,27,26,33,E,6.8,79,59,1015
2012-05-18,Anguilla,Mount Fortune,27,26,29,E,10.2,81,56,1015
2012-05-19,Anguilla,Mount Fortune,27,26,30,ESE,18.2,80,52,1015
2012-05-20,Anguilla,Mount Fortune,27,26,30,ESE,3.5,79,55,1017
2012-05-21,Anguilla,Mount Fortune,27,26,26,E,1.5,78,38,1017
2012-05-22,Anguilla,Mount Fortune,27,26,28,ESE,2.9,80,54,1017
2012-05-23,Anguilla,Mount Fortune,27,27,29,ESE,6.4,77,46,1017
2012-05-24,Anguilla,Mount Fortune,27,26,29,E,0.5,78,41,1018
2012-05-25,Anguilla,Mount Fortune,27,26,22,E,0.3,75,28,1017
2012-05-26,Anguilla,Mount Fortune,27,26,16,E,0.3,75,11,1015
2012-05-27,Anguilla,Mount Fortune,27,26,19,ESE,0.4,78,29,1016
2012-05-28,Anguilla,Mount Fortune,27,26,21,E,0.5,77,32,1016
2012-05-29,Anguilla,Mount Fortune,27,26,20,E,3.0,79,27,1015
2012-05-30,Anguilla,Mount Fortune,28,27,22,ESE,0.6,82,52,1015
2012-05-31,Anguilla,Mount Fortune,28,27,23,ESE,1.2,82,38,1017
2012-06-01,Anguilla,Mount Fortune,28,27,25,ESE,0.0,81,41,1018
2012-06-02,Anguilla,Mount Fortune,28,27,17,ESE,0.0,78,41,1018
2012-06-03,Anguilla,Mount Fortune,27,27,12,E,0.0,77,33,1017
2012-06-04,Anguilla,Mount Fortune,27,26,12,ESE,0.0,77,38,1016
2012-06-05,Anguilla,Mount Fortune,28,27,22,ESE,0.5,78,48,1016
2012-06-06,Anguilla,Mount Fortune,28,27,29,ESE,0.2,80,40,1018
2012-06-07,Anguilla,Mount Fortune,28,28,28,E,0.4,79,41,1018
2012-06-08,Anguilla,Mount Fortune,28,27,24,E,0.4,75,39,1016
2012-06-09,Anguilla,Mount Fortune,27,27,20,E,0.6,75,25,1015
2012-06-10,Anguilla,Mount Fortune,28,27,22,ESE,2.0,77,38,1016
2012-06-11,Anguilla,Mount Fortune,28,27,22,ESE,0.7,80,43,1015
2012-06-12,Anguilla,Mount Fortune,28,28,21,ESE,0.2,77,24,1015
2012-06-13,Anguilla,Mount Fortune,28,27,21,E,0.0,76,27,1016
2012-06-14,Anguilla,Mount Fortune,28,27,18,E,0.2,76,32,1016
2012-06-15,Anguilla,Mount Fortune,28,27,21,E,0.1,77,49,1016
2012-06-16,Anguilla,Mount Fortune,28,28,22,ESE,1.4,80,45,1015
2012-06-17,Anguilla,Mount Fortune,28,28,22,SE,0.6,78,36,1015
2012-06-18,Anguilla,Mount Fortune,28,28,26,ESE,2.4,76,28,1016
2012-06-19,Anguilla,Mount Fortune,28,28,26,ESE,0.6,77,37,1017
2012-06-20,Anguilla,Mount Fortune,28,28,28,E,1.9,79,59,1016
2012-06-21,Anguilla,Mount Fortune,28,28,23,ESE,0.1,76,16,1015
2012-06-22,Anguilla,Mount Fortune,28,28,18,ESE,0.0,74,13,1016
2012-06-23,Anguilla,Mount Fortune,28,28,25,ESE,0.4,74,26,1017
2012-06-24,Anguilla,Mount Fortune,28,28,24,E,0.6,74,35,1018
2012-06-25,Anguilla,Mount Fortune,28,28,29,ESE,2.5,76,32,1017
2012-06-26,Anguilla,Mount Fortune,28,28,28,ESE,0.5,77,27,1017
2012-06-27,Anguilla,Mount Fortune,28,28,23,E,0.2,76,33,1018
2012-06-28,Anguilla,Mount Fortune,28,28,18,ENE,6.2,74,20,1018
2012-06-29,Anguilla,Mount Fortune,28,28,19,E,1.2,75,28,1016
2012-06-30,Anguilla,Mount Fortune,28,28,25,E,0.5,76,36,1016
2012-07-01,Anguilla,Mount Fortune,28,28,28,E,4.6,77,41,1016
2012-07-02,Anguilla,Mount Fortune,29,28,30,E,1.3,78,31,1016
2012-07-03,Anguilla,Mount Fortune,28,28,29,ENE,0.5,76,38,1016
2012-07-04,Anguilla,Mount Fortune,28,28,32,E,15.7,78,45,1015
2012-07-05,Anguilla,Mount Fortune,28,28,29,E,27.1,80,65,1015
2012-07-06,Anguilla,Mount Fortune,28,28,27,ENE,0.8,76,27,1015
2012-07-07,Anguilla,Mount Fortune,28,28,25,ENE,0.1,76,28,1015
2012-07-08,Anguilla,Mount Fortune,28,28,20,E,8.2,76,29,1015
2012-07-09,Anguilla,Mount Fortune,28,28,24,ESE,3.5,77,37,1015
2012-07-10,Anguilla,Mount Fortune,28,28,28,E,0.3,79,28,1016
2012-07-11,Anguilla,Mount Fortune,28,28,23,ENE,4.8,77,35,1015
2012-07-12,Anguilla,Mount Fortune,28,27,20,E,11.0,75,38,1013
2012-07-13,Anguilla,Mount Fortune,28,27,21,ESE,7.9,76,33,1015
2012-07-14,Anguilla,Mount Fortune,29,28,28,E,4.7,79,41,1017
2012-07-15,Anguilla,Mount Fortune,29,28,33,E,1.4,79,39,1017
2012-07-16,Anguilla,Mount Fortune,29,28,24,ENE,0.5,75,25,1016
2012-07-17,Anguilla,Mount Fortune,28,28,22,ENE,3.2,74,36,1016
2012-07-18,Anguilla,Mount Fortune,28,27,26,E,6.7,76,38,1017
2012-07-19,Anguilla,Mount Fortune,28,28,32,E,2.0,79,46,1017
2012-07-20,Anguilla,Mount Fortune,28,28,33,E,14.7,80,43,1015
2012-07-21,Anguilla,Mount Fortune,28,28,27,ESE,24.9,80,52,1016
2012-07-22,Anguilla,Mount Fortune,29,28,30,ENE,1.5,77,39,1018
2012-07-23,Anguilla,Mount Fortune,28,28,29,E,1.4,76,30,1018
2012-07-24,Anguilla,Mount Fortune,28,28,23,E,0.8,79,41,1017
2012-07-25,Anguilla,Mount Fortune,28,28,18,E,0.3,75,18,1017
2012-07-26,Anguilla,Mount Fortune,28,28,22,ENE,0.9,75,33,1017
2012-07-27,Anguilla,Mount Fortune,28,28,28,ENE,0.7,75,32,1016
2012-07-28,Anguilla,Mount Fortune,28,28,24,E,1.1,79,44,1016
2012-07-29,Anguilla,Mount Fortune,28,28,28,ENE,0.2,81,42,1015
2012-07-30,Anguilla,Mount Fortune,28,28,33,E,13.3,79,48,1014
2012-07-31,Anguilla,Mount Fortune,28,28,26,E,9.8,79,56,1016
2012-08-01,Anguilla,Mount Fortune,29,28,26,E,0.8,78,40,1016
2012-08-02,Anguilla,Mount Fortune,28,28,23,ENE,0.4,76,33,1016
2012-08-03,Anguilla,Mount Fortune,28,28,32,E,30.6,77,42,1014
2012-08-04,Anguilla,Mount Fortune,29,28,31,ESE,19.0,77,42,1016
2012-08-05,Anguilla,Mount Fortune,29,28,23,E,1.0,77,24,1017
2012-08-06,Anguilla,Mount Fortune,28,28,20,E,0.7,77,47,1015
2012-08-07,Anguilla,Mount Fortune,29,28,24,E,1.5,78,55,1015
2012-08-08,Anguilla,Mount Fortune,28,28,22,ENE,5.9,79,53,1015
2012-08-09,Anguilla,Mount Fortune,28,28,18,SE,4.0,80,34,1015
2012-08-10,Anguilla,Mount Fortune,29,28,25,E,1.6,80,47,1016
2012-08-11,Anguilla,Mount Fortune,29,28,33,E,1.2,78,55,1015
2012-08-12,Anguilla,Mount Fortune,28,28,30,E,5.8,80,54,1016
2012-08-13,Anguilla,Mount Fortune,28,28,25,E,3.5,78,46,1016
2012-08-14,Anguilla,Mount Fortune,28,28,24,ENE,3.4,77,38,1015
2012-08-15,Anguilla,Mount Fortune,28,28,19,E,15.1,78,30,1016
2012-08-16,Anguilla,Mount Fortune,28,28,22,E,0.2,78,34,1016
2012-08-17,Anguilla,Mount Fortune,29,28,27,E,12.4,80,52,1015
2012-08-18,Anguilla,Mount Fortune,29,28,25,E,0.6,80,45,1016
2012-08-19,Anguilla,Mount Fortune,29,28,22,E,0.5,76,24,1017
2012-08-20,Anguilla,Mount Fortune,29,28,26,ENE,0.5,76,37,1016
2012-08-21,Anguilla,Mount Fortune,29,28,29,ENE,2.7,79,40,1015
2012-08-22,Anguilla,Mount Fortune,29,29,39,ENE,13.1,80,53,1011
2012-08-23,Anguilla,Mount Fortune,29,28,47,SE,25.2,76,52,1011
2012-08-24,Anguilla,Mount Fortune,29,28,26,ESE,9.3,74,22,1014
2012-08-25,Anguilla,Mount Fortune,28,28,18,ESE,2.9,77,28,1014
2012-08-26,Anguilla,Mount Fortune,28,28,19,ESE,0.1,78,28,1016
2012-08-27,Anguilla,Mount Fortune,28,28,20,E,0.0,76,36,1017
2012-08-28,Anguilla,Mount Fortune,29,28,23,E,0.3,77,33,1017
2012-08-29,Anguilla,Mount Fortune,28,28,15,ENE,0.1,73,19,1015
2012-08-30,Anguilla,Mount Fortune,28,28,19,E,13.4,75,29,1015
2012-08-31,Anguilla,Mount Fortune,28,28,21,ENE,0.3,76,34,1015
2012-09-01,Anguilla,Mount Fortune,29,28,19,SSE,0.3,76,18,1013
2012-09-02,Anguilla,Mount Fortune,29,28,24,W,3.3,80,37,1013
2012-09-03,Anguilla,Mount Fortune,29,28,19,SSW,0.0,77,49,1015
2012-09-04,Anguilla,Mount Fortune,28,28,15,S,0.0,80,47,1015
2012-09-05,Anguilla,Mount Fortune,28,28,11,SSW,0.0,79,31,1015
2012-09-06,Anguilla,Mount Fortune,28,27,10,SW,0.0,77,6,1015
2012-09-07,Anguilla,Mount Fortune,28,28,14,SW,0.0,76,6,1014
2012-09-08,Anguilla,Mount Fortune,28,28,11,S,0.0,73,1,1015
2012-09-09,Anguilla,Mount Fortune,28,28,12,ESE,0.0,72,7,1016
2012-09-10,Anguilla,Mount Fortune,28,28,17,ENE,0.0,75,14,1016
2012-09-11,Anguilla,Mount Fortune,28,28,18,ENE,0.2,77,45,1015
2012-09-12,Anguilla,Mount Fortune,28,28,20,ENE,7.5,75,36,1013
2012-09-13,Anguilla,Mount Fortune,29,28,14,ENE,5.7,76,23,1012
2012-09-14,Anguilla,Mount Fortune,28,28,10,ESE,0.2,75,15,1014
2012-09-15,Anguilla,Mount Fortune,28,28,11,E,0.2,76,11,1014
2012-09-16,Anguilla,Mount Fortune,29,28,17,ENE,4.0,78,26,1014
2012-09-17,Anguilla,Mount Fortune,28,28,18,ENE,13.8,80,44,1014
2012-09-18,Anguilla,Mount Fortune,29,28,24,ENE,25.1,79,36,1014
2012-09-19,Anguilla,Mount Fortune,29,28,17,E,11.9,79,37,1014
2012-09-20,Anguilla,Mount Fortune,28,28,12,SE,12.2,77,25,1012
2012-09-21,Anguilla,Mount Fortune,29,28,13,SE,6.2,75,16,1013
2012-09-22,Anguilla,Mount Fortune,29,28,21,ESE,1.8,75,36,1015
2012-09-23,Anguilla,Mount Fortune,29,29,27,E,0.2,75,36,1015
2012-09-24,Anguilla,Mount Fortune,29,29,23,ENE,1.6,74,33,1014
2012-09-25,Anguilla,Mount Fortune,29,28,20,ENE,7.6,75,43,1014
2012-09-26,Anguilla,Mount Fortune,29,28,15,ENE,6.0,74,27,1013
2012-09-27,Anguilla,Mount Fortune,28,28,11,E,6.1,74,34,1013
2012-09-28,Anguilla,Mount Fortune,29,28,12,SE,14.1,74,31,1013
2012-09-29,Anguilla,Mount Fortune,29,28,15,SE,1.0,75,30,1015
2012-09-30,Anguilla,Mount Fortune,29,28,18,ESE,7.0,76,30,1015
2012-10-01,Anguilla,Mount Fortune,29,28,23,E,10.9,76,36,1014
2012-10-02,Anguilla,Mount Fortune,29,29,29,E,4.8,75,29,1015
2012-10-03,Anguilla,Mount Fortune,29,28,30,ENE,2.8,74,27,1015
2012-10-04,Anguilla,Mount Fortune,29,28,23,ENE,1.5,77,47,1013
2012-10-05,Anguilla,Mount Fortune,28,27,14,NE,0.8,73,26,1010
2012-10-06,Anguilla,Mount Fortune,28,27,8,ESE,0.0,68,20,1009
2012-10-07,Anguilla,Mount Fortune,29,28,13,ESE,0.6,73,12,1012
2012-10-08,Anguilla,Mount Fortune,29,28,15,E,11.1,76,19,1015
2012-10-09,Anguilla,Mount Fortune,29,28,19,E,7.1,76,28,1014
2012-10-10,Anguilla,Mount Fortune,29,28,23,E,9.7,78,46,1013
2012-10-11,Anguilla,Mount Fortune,29,28,27,E,18.0,76,40,1012
2012-10-12,Anguilla,Mount Fortune,29,28,34,E,34.3,77,49,1011
2012-10-13,Anguilla,Mount Fortune,29,27,33,SE,58.7,81,60,1007
2012-10-14,Anguilla,Mount Fortune,29,28,38,SSW,79.4,79,50,1007
2012-10-15,Anguilla,Mount Fortune,29,28,34,S,22.2,78,50,1008
2012-10-16,Anguilla,Mount Fortune,29,29,23,S,24.1,75,37,1009
2012-10-17,Anguilla,Mount Fortune,29,28,16,ESE,20.4,75,42,1012
2012-10-18,Anguilla,Mount Fortune,29,28,23,E,38.2,76,38,1012
2012-10-19,Anguilla,Mount Fortune,29,28,24,E,3.0,75,29,1012
2012-10-20,Anguilla,Mount Fortune,28,28,21,E,1.4,75,28,1012
2012-10-21,Anguilla,Mount Fortune,28,27,20,E,8.7,77,30,1011
2012-10-22,Anguilla,Mount Fortune,28,27,15,E,3.5,76,29,1010
2012-10-23,Anguilla,Mount Fortune,28,27,16,E,0.0,75,24,1010
2012-10-24,Anguilla,Mount Fortune,28,27,20,ESE,0.0,76,47,1011
2012-10-25,Anguilla,Mount Fortune,28,28,25,ESE,0.0,78,51,1011
2012-10-26,Anguilla,Mount Fortune,28,28,23,SE,0.6,80,48,1011
2012-10-27,Anguilla,Mount Fortune,29,28,21,S,1.0,80,43,1010
2012-10-28,Anguilla,Mount Fortune,29,28,20,SSW,0.0,82,35,1010
2012-10-29,Anguilla,Mount Fortune,28,28,13,S,0.0,81,26,1011
2012-10-30,Anguilla,Mount Fortune,28,28,14,ESE,0.0,80,34,1014
2012-10-31,Anguilla,Mount Fortune,28,28,16,ENE,0.2,79,40,1014
2012-11-01,Anguilla,Mount Fortune,28,27,21,ENE,0.1,76,41,1013
2012-11-02,Anguilla,Mount Fortune,28,27,22,ENE,0.3,73,34,1013
2012-11-03,Anguilla,Mount Fortune,28,27,22,ENE,0.1,73,25,1014
2012-11-04,Anguilla,Mount Fortune,28,27,20,E,1.3,77,40,1013
2012-11-05,Anguilla,Mount Fortune,28,28,24,E,4.3,76,46,1013
2012-11-06,Anguilla,Mount Fortune,28,28,22,E,0.7,76,33,1013
2012-11-07,Anguilla,Mount Fortune,28,28,21,ESE,1.0,77,31,1013
2012-11-08,Anguilla,Mount Fortune,28,28,19,E,0.1,76,42,1013
2012-11-09,Anguilla,Mount Fortune,28,28,20,ENE,1.4,77,33,1012
2012-11-10,Anguilla,Mount Fortune,28,28,23,NE,2.7,76,32,1012
2012-11-11,Anguilla,Mount Fortune,28,28,21,E,14.8,78,39,1012
2012-11-12,Anguilla,Mount Fortune,28,28,24,E,9.0,76,48,1012
2012-11-13,Anguilla,Mount Fortune,28,27,24,E,7.0,77,40,1012
2012-11-14,Anguilla,Mount Fortune,28,28,26,E,2.5,78,49,1013
2012-11-15,Anguilla,Mount Fortune,28,28,20,ENE,0.4,78,36,1012
2012-11-16,Anguilla,Mount Fortune,28,28,22,E,10.8,78,46,1012
2012-11-17,Anguilla,Mount Fortune,28,28,25,ESE,1.2,79,47,1013
2012-11-18,Anguilla,Mount Fortune,28,27,23,ESE,6.5,79,51,1014
2012-11-19,Anguilla,Mount Fortune,28,27,23,ESE,7.3,78,47,1013
2012-11-20,Anguilla,Mount Fortune,28,27,18,SSE,0.1,73,20,1011
2012-11-21,Anguilla,Mount Fortune,27,27,17,SSE,0.3,76,21,1011
2012-11-22,Anguilla,Mount Fortune,28,27,14,SSE,0.2,75,20,1012
2012-11-23,Anguilla,Mount Fortune,28,27,13,SSW,0.0,76,24,1012
2012-11-24,Anguilla,Mount Fortune,28,27,12,SE,1.1,75,24,1013
2012-11-25,Anguilla,Mount Fortune,28,27,16,E,13.4,77,21,1015
2012-11-26,Anguilla,Mount Fortune,28,27,22,ENE,0.0,76,17,1016
2012-11-27,Anguilla,Mount Fortune,28,27,27,ENE,2.3,78,44,1016
2012-11-28,Anguilla,Mount Fortune,28,28,25,ENE,4.3,77,42,1014
2012-11-29,Anguilla,Mount Fortune,27,27,20,NE,0.0,74,35,1014
2012-11-30,Anguilla,Mount Fortune,27,27,20,ENE,12.1,75,35,1013
2012-12-01,Anguilla,Mount Fortune,27,27,23,E,11.9,74,40,1013
2012-12-02,Anguilla,Mount Fortune,27,26,13,ENE,8.3,74,32,1011
2012-12-03,Anguilla,Mount Fortune,27,26,12,ENE,7.4,73,27,1011
2012-12-04,Anguilla,Mount Fortune,27,27,26,NE,9.9,75,38,1013
2012-12-05,Anguilla,Mount Fortune,27,27,29,NE,5.1,75,34,1013
2012-12-06,Anguilla,Mount Fortune,27,26,30,ENE,0.8,74,28,1012
2012-12-07,Anguilla,Mount Fortune,27,26,28,ENE,0.8,72,30,1013
2012-12-08,Anguilla,Mount Fortune,27,27,30,E,0.2,75,41,1015
2012-12-09,Anguilla,Mount Fortune,27,27,32,ENE,0.8,74,34,1016
2012-12-10,Anguilla,Mount Fortune,27,26,34,ENE,1.8,74,37,1015
2012-12-11,Anguilla,Mount Fortune,27,27,39,ENE,5.8,75,36,1015
2012-12-12,Anguilla,Mount Fortune,27,27,38,ENE,0.7,75,36,1015
2012-12-13,Anguilla,Mount Fortune,27,27,32,E,2.5,73,32,1014
2012-12-14,Anguilla,Mount Fortune,26,26,21,ENE,1.7,72,11,1012
2012-12-15,Anguilla,Mount Fortune,26,26,17,NE,0.2,74,29,1012
2012-12-16,Anguilla,Mount Fortune,26,25,19,ENE,0.0,74,20,1013
2012-12-17,Anguilla,Mount Fortune,26,26,24,ENE,0.0,73,27,1014
2012-12-18,Anguilla,Mount Fortune,27,26,25,E,0.3,75,47,1014
2012-12-19,Anguilla,Mount Fortune,26,26,18,ENE,0.2,72,18,1014
2012-12-20,Anguilla,Mount Fortune,26,26,19,NE,0.9,76,24,1013
2012-12-21,Anguilla,Mount Fortune,26,26,23,ENE,2.8,78,48,1014
2012-12-22,Anguilla,Mount Fortune,25,25,19,ENE,0.7,75,41,1014
2012-12-23,Anguilla,Mount Fortune,26,25,23,ENE,0.2,72,42,1015
2012-12-24,Anguilla,Mount Fortune,26,26,25,ENE,0.7,73,28,1014
2012-12-25,Anguilla,Mount Fortune,26,26,21,E,0.3,77,40,1014
2012-12-26,Anguilla,Mount Fortune,26,26,26,ENE,4.3,81,49,1015
2012-12-27,Anguilla,Mount Fortune,26,26,28,E,10.9,79,53,1015
2012-12-28,Anguilla,Mount Fortune,26,26,30,ENE,1.4,76,36,1016
2012-12-29,Anguilla,Mount Fortune,26,25,27,E,0.4,72,33,1016
2012-12-30,Anguilla,Mount Fortune,27,26,17,E,0.4,74,29,1017
2012-12-31,Anguilla,Mount Fortune,26,25,23,ENE,0.4,75,25,1017
2013-01-01,Anguilla,Mount Fortune,26,26,30,ENE,0.4,74,24,1017
2013-01-02,Anguilla,Mount Fortune,26,25,28,E,0.9,75,32,1016
2013-01-03,Anguilla,Mount Fortune,26,26,29,E,1.5,77,46,1018
2013-01-04,Anguilla,Mount Fortune,26,26,31,E,1.3,77,45,1019
2013-01-05,Anguilla,Mount Fortune,26,26,32,ENE,1.2,76,36,1020
2013-01-06,Anguilla,Mount Fortune,27,26,36,E,1.3,77,43,1018
2013-01-07,Anguilla,Mount Fortune,27,26,36,E,1.3,74,31,1018
2013-01-08,Anguilla,Mount Fortune,26,26,40,ENE,3.8,76,49,1019
2013-01-09,Anguilla,Mount Fortune,26,26,39,ENE,0.6,72,28,1020
2013-01-10,Anguilla,Mount Fortune,26,25,36,ENE,2.7,77,45,1018
2013-01-11,Anguilla,Mount Fortune,26,25,26,NE,1.3,74,29,1015
2013-01-12,Anguilla,Mount Fortune,25,25,23,ENE,5.9,75,36,1014
2013-01-13,Anguilla,Mount Fortune,25,24,23,NE,0.1,70,35,1015
2013-01-14,Anguilla,Mount Fortune,25,24,19,NE,0.1,67,23,1016
2013-01-15,Anguilla,Mount Fortune,25,25,28,NE,0.5,73,24,1015
2013-01-16,Anguilla,Mount Fortune,26,25,28,ENE,1.4,71,30,1015
2013-01-17,Anguilla,Mount Fortune,26,26,29,ENE,2.0,73,28,1016
2013-01-18,Anguilla,Mount Fortune,26,26,25,ENE,1.8,73,26,1017
2013-01-19,Anguilla,Mount Fortune,26,25,28,ENE,2.1,76,36,1016
2013-01-20,Anguilla,Mount Fortune,26,26,22,E,1.3,74,26,1016
2013-01-21,Anguilla,Mount Fortune,26,26,22,E,1.2,76,31,1016
2013-01-22,Anguilla,Mount Fortune,26,26,30,ESE,0.4,78,22,1017
2013-01-23,Anguilla,Mount Fortune,26,26,31,ESE,3.1,76,43,1018
2013-01-24,Anguilla,Mount Fortune,26,26,23,E,1.8,75,32,1018
2013-01-25,Anguilla,Mount Fortune,26,26,22,ENE,7.9,77,37,1017
2013-01-26,Anguilla,Mount Fortune,26,26,27,E,5.8,78,44,1018
2013-01-27,Anguilla,Mount Fortune,26,26,23,ENE,0.5,77,28,1018
2013-01-28,Anguilla,Mount Fortune,26,26,26,ENE,2.1,77,36,1019
2013-01-29,Anguilla,Mount Fortune,26,25,27,ENE,1.5,75,31,1018
2013-01-30,Anguilla,Mount Fortune,26,25,30,ENE,2.7,78,46,1017
2013-01-31,Anguilla,Mount Fortune,26,25,32,E,8.6,78,49,1017
2013-02-01,Anguilla,Mount Fortune,25,25,26,ENE,0.9,70,29,1017
2013-02-02,Anguilla,Mount Fortune,25,25,25,E,0.2,70,13,1016
2013-02-03,Anguilla,Mount Fortune,25,25,19,E,0.1,68,18,1015
2013-02-04,Anguilla,Mount Fortune,25,24,19,ENE,0.3,66,11,1015
2013-02-05,Anguilla,Mount Fortune,26,25,29,ENE,2.2,73,36,1016
2013-02-06,Anguilla,Mount Fortune,26,25,24,E,0.7,74,35,1015
2013-02-07,Anguilla,Mount Fortune,26,25,19,E,3.2,76,30,1014
2013-02-08,Anguilla,Mount Fortune,26,25,27,E,2.4,75,32,1015
2013-02-09,Anguilla,Mount Fortune,26,25,21,E,0.5,74,22,1015
2013-02-10,Anguilla,Mount Fortune,26,25,22,ENE,0.9,74,26,1017
2013-02-11,Anguilla,Mount Fortune,25,25,33,NE,7.1,77,44,1018
2013-02-12,Anguilla,Mount Fortune,25,24,33,ENE,1.4,75,41,1018
2013-02-13,Anguilla,Mount Fortune,25,24,29,ENE,1.0,76,42,1017
2013-02-14,Anguilla,Mount Fortune,26,25,27,E,1.2,77,38,1017
2013-02-15,Anguilla,Mount Fortune,26,25,28,ESE,0.6,75,28,1017
2013-02-16,Anguilla,Mount Fortune,26,25,28,ESE,0.5,74,30,1016
2013-02-17,Anguilla,Mount Fortune,26,25,26,E,0.9,74,27,1017
2013-02-18,Anguilla,Mount Fortune,26,25,28,ENE,0.1,76,35,1018
2013-02-19,Anguilla,Mount Fortune,26,25,33,E,2.2,75,27,1018
2013-02-20,Anguilla,Mount Fortune,26,25,31,E,2.0,76,40,1016
2013-02-21,Anguilla,Mount Fortune,26,25,27,E,0.5,74,27,1016
2013-02-22,Anguilla,Mount Fortune,26,25,22,ENE,0.5,78,37,1016
2013-02-23,Anguilla,Mount Fortune,25,25,25,ENE,0.6,75,31,1016
2013-02-24,Anguilla,Mount Fortune,25,25,24,ENE,0.7,77,51,1016
2013-02-25,Anguilla,Mount Fortune,25,25,22,E,0.6,77,40,1015
2013-02-26,Anguilla,Mount Fortune,25,25,25,E,2.1,79,50,1016
2013-02-27,Anguilla,Mount Fortune,25,25,25,E,0.7,77,38,1017
2013-02-28,Anguilla,Mount Fortune,25,24,19,E,0.1,75,29,1015
2013-03-01,Anguilla,Mount Fortune,25,24,12,ESE,0.0,71,32,1014
2013-03-02,Anguilla,Mount Fortune,26,24,15,SE,0.0,73,21,1013
2013-03-03,Anguilla,Mount Fortune,26,25,18,SSE,0.1,78,37,1014
2013-03-04,Anguilla,Mount Fortune,26,25,8,SE,0.0,78,7,1016
2013-03-05,Anguilla,Mount Fortune,25,25,15,ENE,2.7,79,35,1016
2013-03-06,Anguilla,Mount Fortune,25,25,19,NE,1.1,80,48,1016
2013-03-07,Anguilla,Mount Fortune,26,25,8,SSW,0.4,79,25,1016
2013-03-08,Anguilla,Mount Fortune,25,25,6,NNE,0.8,75,18,1016
2013-03-09,Anguilla,Mount Fortune,25,24,12,SW,0.2,74,19,1015
2013-03-10,Anguilla,Mount Fortune,25,24,18,NNW,0.0,73,31,1014
2013-03-11,Anguilla,Mount Fortune,25,24,19,SE,0.0,68,11,1014
2013-03-12,Anguilla,Mount Fortune,25,24,23,NE,0.4,67,17,1015
2013-03-13,Anguilla,Mount Fortune,25,24,20,ENE,0.3,68,24,1015
2013-03-14,Anguilla,Mount Fortune,25,24,15,ENE,0.4,66,36,1014
2013-03-15,Anguilla,Mount Fortune,25,24,15,ENE,1.4,72,40,1014
2013-03-16,Anguilla,Mount Fortune,25,24,17,ENE,0.0,65,11,1016
2013-03-17,Anguilla,Mount Fortune,25,25,24,ENE,2.3,73,42,1017
2013-03-18,Anguilla,Mount Fortune,25,25,25,ENE,5.9,76,32,1017
2013-03-19,Anguilla,Mount Fortune,26,25,27,E,3.0,77,40,1015
2013-03-20,Anguilla,Mount Fortune,26,25,24,ESE,1.2,77,43,1014
2013-03-21,Anguilla,Mount Fortune,26,25,19,ESE,0.5,78,32,1013
2013-03-22,Anguilla,Mount Fortune,26,26,17,ESE,4.9,81,14,1015
2013-03-23,Anguilla,Mount Fortune,26,25,17,ENE,0.4,81,22,1016
2013-03-24,Anguilla,Mount Fortune,26,25,20,E,1.0,80,43,1015
2013-03-25,Anguilla,Mount Fortune,26,25,23,ESE,0.2,80,47,1014
2013-03-26,Anguilla,Mount Fortune,26,26,22,ESE,0.4,79,31,1016
2013-03-27,Anguilla,Mount Fortune,26,26,15,ESE,0.6,79,23,1016
2013-03-28,Anguilla,Mount Fortune,26,25,11,E,3.6,78,21,1015
2013-03-29,Anguilla,Mount Fortune,26,25,18,ENE,3.9,78,25,1017
2013-03-30,Anguilla,Mount Fortune,25,25,27,ENE,15.3,81,56,1018
2013-03-31,Anguilla,Mount Fortune,26,25,27,E,5.5,78,51,1019
2013-04-01,Anguilla,Mount Fortune,26,26,33,E,2.5,78,47,1018
2013-04-02,Anguilla,Mount Fortune,26,26,30,ESE,0.1,77,22,1017
2013-04-03,Anguilla,Mount Fortune,26,26,25,ESE,0.6,79,36,1017
2013-04-04,Anguilla,Mount Fortune,26,26,26,ENE,0.3,78,52,1017
2013-04-05,Anguilla,Mount Fortune,26,26,28,E,0.6,79,42,1017
2013-04-06,Anguilla,Mount Fortune,27,26,29,ESE,2.3,80,37,1016
2013-04-07,Anguilla,Mount Fortune,26,26,27,ESE,5.7,80,40,1016
2013-04-08,Anguilla,Mount Fortune,26,26,24,E,1.5,79,43,1016
2013-04-09,Anguilla,Mount Fortune,26,26,24,E,2.6,78,28,1016
2013-04-10,Anguilla,Mount Fortune,26,26,27,E,0.6,75,33,1016
2013-04-11,Anguilla,Mount Fortune,26,25,27,E,0.2,74,38,1015
2013-04-12,Anguilla,Mount Fortune,26,26,25,E,2.6,78,36,1015
2013-04-13,Anguilla,Mount Fortune,26,26,30,E,7.6,78,52,1015
2013-04-14,Anguilla,Mount Fortune,26,26,29,E,1.0,79,43,1016
2013-04-15,Anguilla,Mount Fortune,26,26,27,E,0.9,77,40,1017
2013-04-16,Anguilla,Mount Fortune,26,26,26,E,2.5,79,42,1016
2013-04-17,Anguilla,Mount Fortune,26,26,29,E,6.4,76,43,1015
2013-04-18,Anguilla,Mount Fortune,26,26,33,ENE,7.7,77,41,1016
2013-04-19,Anguilla,Mount Fortune,26,26,37,ENE,6.4,77,49,1017
2013-04-20,Anguilla,Mount Fortune,26,26,34,E,6.6,76,47,1017
2013-04-21,Anguilla,Mount Fortune,26,25,29,ENE,0.4,72,42,1016
2013-04-22,Anguilla,Mount Fortune,26,25,24,ENE,0.8,72,34,1015
2013-04-23,Anguilla,Mount Fortune,26,25,27,E,0.9,75,38,1015
2013-04-24,Anguilla,Mount Fortune,26,26,25,E,0.2,74,32,1015
2013-04-25,Anguilla,Mount Fortune,26,25,19,E,1.1,76,35,1015
2013-04-26,Anguilla,Mount Fortune,26,25,16,E,5.7,79,35,1015
2013-04-27,Anguilla,Mount Fortune,26,25,18,E,3.6,78,23,1014
2013-04-28,Anguilla,Mount Fortune,26,25,18,E,0.2,79,30,1014
2013-04-29,Anguilla,Mount Fortune,26,25,20,E,2.2,80,43,1014
2013-04-30,Anguilla,Mount Fortune,26,25,25,E,5.5,81,53,1015
2013-05-01,Anguilla,Mount Fortune,26,25,23,E,1.7,79,60,1014
2013-05-02,Anguilla,Mount Fortune,26,25,15,ESE,20.9,80,50,1013
2013-05-03,Anguilla,Mount Fortune,26,26,9,SSW,1.0,83,23,1012
2013-05-04,Anguilla,Mount Fortune,27,26,12,S,1.5,86,14,1011
2013-05-05,Anguilla,Mount Fortune,27,27,11,SSW,6.6,85,36,1012
2013-05-06,Anguilla,Mount Fortune,27,26,10,SE,4.5,81,49,1014
2013-05-07,Anguilla,Mount Fortune,27,26,17,ESE,12.6,83,40,1016
2013-05-08,Anguilla,Mount Fortune,27,26,23,E,8.0,83,53,1019
2013-05-09,Anguilla,Mount Fortune,26,26,33,E,40.8,82,70,1018
2013-05-10,Anguilla,Mount Fortune,26,26,28,E,1.4,78,65,1017
2013-05-11,Anguilla,Mount Fortune,27,26,20,ESE,5.0,77,40,1015
2013-05-12,Anguilla,Mount Fortune,27,26,17,ESE,7.9,80,32,1015
2013-05-13,Anguilla,Mount Fortune,27,27,24,E,3.1,81,50,1016
2013-05-14,Anguilla,Mount Fortune,27,26,26,ESE,1.2,80,56,1016
2013-05-15,Anguilla,Mount Fortune,27,27,22,E,0.3,76,41,1015
2013-05-16,Anguilla,Mount Fortune,27,27,20,E,0.8,77,28,1015
2013-05-17,Anguilla,Mount Fortune,27,26,24,E,1.1,77,47,1017
2013-05-18,Anguilla,Mount Fortune,27,26,23,E,0.2,77,33,1017
2013-05-19,Anguilla,Mount Fortune,27,26,26,E,0.8,78,43,1016
2013-05-20,Anguilla,Mount Fortune,27,26,28,E,1.6,78,46,1016
2013-05-21,Anguilla,Mount Fortune,27,26,31,E,3.0,79,53,1015
2013-05-22,Anguilla,Mount Fortune,27,26,35,E,6.2,77,51,1016
2013-05-23,Anguilla,Mount Fortune,27,26,32,E,1.3,77,58,1016
2013-05-24,Anguilla,Mount Fortune,27,27,30,E,6.4,78,52,1016
2013-05-25,Anguilla,Mount Fortune,27,27,26,E,12.1,80,65,1016
2013-05-26,Anguilla,Mount Fortune,27,27,26,E,16.1,80,55,1016
2013-05-27,Anguilla,Mount Fortune,27,27,27,E,13.2,80,50,1016
2013-05-28,Anguilla,Mount Fortune,27,27,28,E,3.1,81,50,1016
2013-05-29,Anguilla,Mount Fortune,27,27,30,E,2.2,80,54,1016
2013-05-30,Anguilla,Mount Fortune,27,27,29,E,9.5,80,47,1017
2013-05-31,Anguilla,Mount Fortune,27,27,29,E,3.5,79,45,1017
2013-06-01,Anguilla,Mount Fortune,27,27,28,E,0.5,78,40,1017
2013-06-02,Anguilla,Mount Fortune,27,27,28,E,0.6,77,38,1017
2013-06-03,Anguilla,Mount Fortune,27,27,29,E,10.7,79,49,1017
2013-06-04,Anguilla,Mount Fortune,28,27,30,E,7.0,81,49,1017
2013-06-05,Anguilla,Mount Fortune,27,27,28,E,0.5,79,55,1016
2013-06-06,Anguilla,Mount Fortune,27,27,23,E,1.4,75,36,1016
2013-06-07,Anguilla,Mount Fortune,27,26,24,E,10.7,76,30,1017
2013-06-08,Anguilla,Mount Fortune,27,26,22,ESE,1.6,79,40,1016
2013-06-09,Anguilla,Mount Fortune,28,27,26,E,3.6,80,51,1017
2013-06-10,Anguilla,Mount Fortune,28,27,29,E,2.0,78,42,1017
2013-06-11,Anguilla,Mount Fortune,28,27,27,E,0.5,80,53,1017
2013-06-12,Anguilla,Mount Fortune,28,27,29,E,0.7,81,31,1018
2013-06-13,Anguilla,Mount Fortune,28,27,32,E,2.0,82,56,1017
2013-06-14,Anguilla,Mount Fortune,28,28,32,E,0.6,83,33,1016
2013-06-15,Anguilla,Mount Fortune,28,28,29,ESE,0.5,81,41,1016
2013-06-16,Anguilla,Mount Fortune,28,28,27,E,0.6,78,45,1017
2013-06-17,Anguilla,Mount Fortune,28,27,30,E,0.5,78,46,1017
2013-06-18,Anguilla,Mount Fortune,28,27,28,E,1.9,80,35,1017
2013-06-19,Anguilla,Mount Fortune,27,27,29,E,38.2,81,72,1016
2013-06-20,Anguilla,Mount Fortune,27,27,33,ENE,1.6,77,57,1017
2013-06-21,Anguilla,Mount Fortune,27,27,26,ENE,2.1,76,42,1016
2013-06-22,Anguilla,Mount Fortune,27,27,25,E,2.2,77,34,1016
2013-06-23,Anguilla,Mount Fortune,28,27,28,E,10.3,78,31,1016
2013-06-24,Anguilla,Mount Fortune,28,27,28,E,5.2,81,46,1017
2013-06-25,Anguilla,Mount Fortune,28,27,28,E,8.6,81,47,1016
2013-06-26,Anguilla,Mount Fortune,28,27,25,E,25.6,81,50,1016
2013-06-27,Anguilla,Mount Fortune,27,27,26,E,31.9,78,72,1017
2013-06-28,Anguilla,Mount Fortune,28,27,23,E,1.8,78,46,1016
2013-06-29,Anguilla,Mount Fortune,28,27,26,E,1.6,78,45,1015
2013-06-30,Anguilla,Mount Fortune,28,27,26,ESE,18.3,79,38,1015
2013-07-01,Anguilla,Mount Fortune,28,27,23,E,1.4,78,33,1017
2013-07-02,Anguilla,Mount Fortune,28,27,30,ENE,3.0,76,36,1017
2013-07-03,Anguilla,Mount Fortune,28,27,29,E,5.9,78,40,1017
2013-07-04,Anguilla,Mount Fortune,28,28,28,E,0.6,78,24,1017
2013-07-05,Anguilla,Mount Fortune,28,27,28,ENE,3.4,78,47,1016
2013-07-06,Anguilla,Mount Fortune,27,27,25,E,10.2,80,41,1015
2013-07-07,Anguilla,Mount Fortune,28,27,27,E,6.0,82,58,1015
2013-07-08,Anguilla,Mount Fortune,28,28,31,E,0.4,80,49,1017
2013-07-09,Anguilla,Mount Fortune,28,28,32,E,0.6,84,41,1017
2013-07-10,Anguilla,Mount Fortune,28,28,28,E,0.4,83,55,1017
2013-07-11,Anguilla,Mount Fortune,28,27,21,ENE,0.8,77,42,1016
2013-07-12,Anguilla,Mount Fortune,27,27,16,NE,5.0,76,26,1015
2013-07-13,Anguilla,Mount Fortune,27,27,14,E,21.7,73,17,1015
2013-07-14,Anguilla,Mount Fortune,28,27,21,ESE,9.9,74,25,1015
2013-07-15,Anguilla,Mount Fortune,28,27,24,ESE,11.5,77,32,1016
2013-07-16,Anguilla,Mount Fortune,28,28,28,E,0.7,80,40,1017
2013-07-17,Anguilla,Mount Fortune,28,28,34,E,8.7,80,48,1017
2013-07-18,Anguilla,Mount Fortune,28,28,32,E,8.9,80,44,1017
2013-07-19,Anguilla,Mount Fortune,28,28,30,ENE,0.3,76,44,1018
2013-07-20,Anguilla,Mount Fortune,28,28,30,ENE,3.3,77,40,1017
2013-07-21,Anguilla,Mount Fortune,28,28,31,ENE,0.5,77,45,1016
2013-07-22,Anguilla,Mount Fortune,28,28,26,E,5.4,83,40,1017
2013-07-23,Anguilla,Mount Fortune,28,28,24,ENE,0.2,79,45,1016
2013-07-24,Anguilla,Mount Fortune,28,27,15,ENE,2.6,78,31,1015
2013-07-25,Anguilla,Mount Fortune,28,27,19,E,7.3,78,29,1017
2013-07-26,Anguilla,Mount Fortune,28,27,24,E,5.3,77,43,1018
2013-07-27,Anguilla,Mount Fortune,28,28,22,E,8.3,77,35,1017
2013-07-28,Anguilla,Mount Fortune,28,27,8,ESE,7.3,75,22,1016
2013-07-29,Anguilla,Mount Fortune,28,28,19,ESE,0.1,78,18,1017
2013-07-30,Anguilla,Mount Fortune,28,28,22,ENE,3.6,78,30,1017
2013-07-31,Anguilla,Mount Fortune,28,27,19,E,13.7,75,21,1016
2013-08-01,Anguilla,Mount Fortune,28,28,26,E,6.1,78,44,1016
2013-08-02,Anguilla,Mount Fortune,29,28,30,E,0.3,79,26,1018
2013-08-03,Anguilla,Mount Fortune,29,28,28,ENE,0.4,80,40,1017
2013-08-04,Anguilla,Mount Fortune,29,28,22,ENE,0.7,77,33,1016
2013-08-05,Anguilla,Mount Fortune,28,28,20,ENE,3.6,76,37,1015
2013-08-06,Anguilla,Mount Fortune,28,28,27,E,18.3,76,19,1014
2013-08-07,Anguilla,Mount Fortune,29,28,32,E,36.1,78,33,1013
2013-08-08,Anguilla,Mount Fortune,29,28,28,E,15.0,77,36,1013
2013-08-09,Anguilla,Mount Fortune,29,28,30,E,6.2,79,48,1013
2013-08-10,Anguilla,Mount Fortune,29,28,26,E,2.5,78,43,1015
2013-08-11,Anguilla,Mount Fortune,28,28,25,E,0.2,77,50,1015
2013-08-12,Anguilla,Mount Fortune,28,28,22,E,2.1,76,34,1014
2013-08-13,Anguilla,Mount Fortune,28,28,24,E,0.7,78,47,1015
2013-08-14,Anguilla,Mount Fortune,29,28,27,E,0.8,79,35,1016
2013-08-15,Anguilla,Mount Fortune,29,28,28,ENE,2.6,76,34,1015
2013-08-16,Anguilla,Mount Fortune,29,28,26,E,13.9,78,35,1014
2013-08-17,Anguilla,Mount Fortune,29,28,25,E,27.5,79,34,1014
2013-08-18,Anguilla,Mount Fortune,29,28,27,ENE,15.9,79,45,1014
2013-08-19,Anguilla,Mount Fortune,29,28,28,E,12.4,79,51,1013
2013-08-20,Anguilla,Mount Fortune,29,28,27,E,18.4,79,38,1015
2013-08-21,Anguilla,Mount Fortune,29,28,28,ENE,1.2,77,42,1015
2013-08-22,Anguilla,Mount Fortune,28,28,26,ENE,9.6,81,59,1014
2013-08-23,Anguilla,Mount Fortune,29,28,24,ENE,1.3,79,36,1014
2013-08-24,Anguilla,Mount Fortune,29,28,30,ENE,4.5,77,34,1015
2013-08-25,Anguilla,Mount Fortune,29,28,28,ENE,3.1,77,43,1015
2013-08-26,Anguilla,Mount Fortune,29,28,26,E,12.1,78,34,1013
2013-08-27,Anguilla,Mount Fortune,29,28,23,E,0.1,76,32,1014
2013-08-28,Anguilla,Mount Fortune,29,28,26,E,6.3,78,56,1015
2013-08-29,Anguilla,Mount Fortune,29,28,20,E,6.0,79,31,1015
2013-08-30,Anguilla,Mount Fortune,29,28,21,E,3.5,79,41,1015
2013-08-31,Anguilla,Mount Fortune,29,28,24,E,0.8,80,45,1014
2013-09-01,Anguilla,Mount Fortune,29,29,30,ENE,0.3,79,36,1013
2013-09-02,Anguilla,Mount Fortune,29,28,28,ENE,1.7,76,31,1012
2013-09-03,Anguilla,Mount Fortune,29,28,32,ENE,7.0,78,45,1011
2013-09-04,Anguilla,Mount Fortune,29,29,23,SE,32.4,78,53,1012
2013-09-05,Anguilla,Mount Fortune,29,28,30,SE,29.4,79,56,1013
2013-09-06,Anguilla,Mount Fortune,29,28,23,ESE,37.5,78,35,1013
2013-09-07,Anguilla,Mount Fortune,29,28,21,SE,6.9,78,37,1014
2013-09-08,Anguilla,Mount Fortune,29,28,20,SE,4.0,78,35,1014
2013-09-09,Anguilla,Mount Fortune,29,28,21,E,0.2,75,16,1015
2013-09-10,Anguilla,Mount Fortune,29,28,23,E,1.4,76,39,1015
2013-09-11,Anguilla,Mount Fortune,28,28,18,NE,3.8,78,40,1013
2013-09-12,Anguilla,Mount Fortune,29,28,22,NE,1.4,77,32,1009
2013-09-13,Anguilla,Mount Fortune,28,28,17,ENE,2.0,76,34,1008
2013-09-14,Anguilla,Mount Fortune,29,28,12,ESE,7.6,76,19,1012
2013-09-15,Anguilla,Mount Fortune,29,28,14,ESE,5.6,78,21,1014
2013-09-16,Anguilla,Mount Fortune,29,28,21,E,11.7,79,33,1014
2013-09-17,Anguilla,Mount Fortune,29,28,20,E,6.3,78,44,1013
2013-09-18,Anguilla,Mount Fortune,29,28,17,ESE,14.6,78,39,1013
2013-09-19,Anguilla,Mount Fortune,29,28,14,SE,3.0,78,26,1014
2013-09-20,Anguilla,Mount Fortune,28,28,12,S,0.4,79,25,1012
2013-09-21,Anguilla,Mount Fortune,28,28,10,SSE,0.1,78,19,1011
2013-09-22,Anguilla,Mount Fortune,29,28,12,ESE,0.0,75,12,1013
2013-09-23,Anguilla,Mount Fortune,29,28,18,E,5.5,79,33,1015
2013-09-24,Anguilla,Mount Fortune,29,28,17,E,1.8,75,34,1014
2013-09-25,Anguilla,Mount Fortune,29,28,17,ESE,5.6,75,25,1013
2013-09-26,Anguilla,Mount Fortune,29,28,16,SE,0.7,75,25,1013
2013-09-27,Anguilla,Mount Fortune,29,28,15,SE,1.1,75,35,1013
2013-09-28,Anguilla,Mount Fortune,29,28,16,SE,0.2,78,32,1014
2013-09-29,Anguilla,Mount Fortune,29,29,20,ESE,0.4,78,25,1014
2013-09-30,Anguilla,Mount Fortune,29,29,18,ESE,1.2,78,34,1015
2013-10-01,Anguilla,Mount Fortune,29,28,22,ENE,0.6,76,35,1015
2013-10-02,Anguilla,Mount Fortune,29,28,20,ENE,10.0,76,43,1013
2013-10-03,Anguilla,Mount Fortune,29,28,16,E,14.2,76,24,1013
2013-10-04,Anguilla,Mount Fortune,29,28,13,ESE,10.4,75,26,1013
2013-10-05,Anguilla,Mount Fortune,28,28,11,SE,0.7,75,28,1013
2013-10-06,Anguilla,Mount Fortune,28,28,8,SE,12.1,76,35,1013
2013-10-07,Anguilla,Mount Fortune,29,28,17,SE,18.9,77,23,1013
2013-10-08,Anguilla,Mount Fortune,29,28,18,SSE,22.5,75,26,1014
2013-10-09,Anguilla,Mount Fortune,28,28,16,ESE,17.0,75,43,1014
2013-10-10,Anguilla,Mount Fortune,29,28,19,E,14.0,75,32,1013
2013-10-11,Anguilla,Mount Fortune,29,28,20,E,0.5,74,39,1013
2013-10-12,Anguilla,Mount Fortune,29,28,18,ESE,3.8,76,42,1013
2013-10-13,Anguilla,Mount Fortune,29,29,26,ESE,5.2,75,35,1013
2013-10-14,Anguilla,Mount Fortune,29,28,23,E,0.3,75,37,1013
2013-10-15,Anguilla,Mount Fortune,28,28,18,E,2.4,76,38,1013
2013-10-16,Anguilla,Mount Fortune,28,28,13,E,0.0,74,32,1013
2013-10-17,Anguilla,Mount Fortune,28,27,8,ENE,2.4,77,37,1012
2013-10-18,Anguilla,Mount Fortune,28,28,7,ENE,4.0,75,25,1012
2013-10-19,Anguilla,Mount Fortune,28,28,11,ESE,8.6,76,27,1012
2013-10-20,Anguilla,Mount Fortune,29,28,17,ESE,15.1,77,22,1013
2013-10-21,Anguilla,Mount Fortune,29,28,22,SE,9.8,74,28,1014
2013-10-22,Anguilla,Mount Fortune,29,28,23,E,0.5,74,32,1014
2013-10-23,Anguilla,Mount Fortune,29,28,24,ESE,0.1,73,32,1013
2013-10-24,Anguilla,Mount Fortune,29,28,25,E,5.5,77,48,1015
2013-10-25,Anguilla,Mount Fortune,29,28,27,ESE,5.7,75,29,1015
2013-10-26,Anguilla,Mount Fortune,29,28,24,E,0.5,76,35,1015
2013-10-27,Anguilla,Mount Fortune,29,28,21,E,1.2,74,30,1014
2013-10-28,Anguilla,Mount Fortune,29,28,27,E,6.0,76,40,1015
2013-10-29,Anguilla,Mount Fortune,29,28,23,E,4.4,76,34,1014
2013-10-30,Anguilla,Mount Fortune,28,28,17,ENE,0.4,76,39,1013
2013-10-31,Anguilla,Mount Fortune,28,28,18,E,12.3,75,46,1012
2013-11-01,Anguilla,Mount Fortune,28,27,28,E,50.1,77,61,1012
2013-11-02,Anguilla,Mount Fortune,29,28,26,ESE,48.8,74,40,1013
2013-11-03,Anguilla,Mount Fortune,28,27,19,ESE,16.3,73,53,1013
2013-11-04,Anguilla,Mount Fortune,28,27,16,ESE,13.4,77,38,1011
2013-11-05,Anguilla,Mount Fortune,28,27,12,ESE,4.6,74,29,1011
2013-11-06,Anguilla,Mount Fortune,28,27,15,SE,1.6,75,34,1011
2013-11-07,Anguilla,Mount Fortune,28,27,13,ESE,4.8,75,30,1012
2013-11-08,Anguilla,Mount Fortune,28,27,13,ESE,5.1,75,24,1013
2013-11-09,Anguilla,Mount Fortune,28,27,18,E,2.5,76,21,1014
2013-11-10,Anguilla,Mount Fortune,28,27,24,E,3.7,76,37,1015
2013-11-11,Anguilla,Mount Fortune,28,28,26,E,5.1,77,34,1015
2013-11-12,Anguilla,Mount Fortune,29,28,27,E,1.1,77,34,1014
2013-11-13,Anguilla,Mount Fortune,28,28,25,E,1.2,75,34,1013
2013-11-14,Anguilla,Mount Fortune,28,28,18,ENE,24.6,77,30,1014
2013-11-15,Anguilla,Mount Fortune,28,27,18,ENE,9.9,77,38,1013
2013-11-16,Anguilla,Mount Fortune,27,27,11,NE,0.5,75,32,1012
2013-11-17,Anguilla,Mount Fortune,27,26,17,ESE,1.3,73,31,1009
2013-11-18,Anguilla,Mount Fortune,27,27,19,NNE,2.2,71,28,1008
2013-11-19,Anguilla,Mount Fortune,27,26,12,ENE,0.0,72,29,1010
2013-11-20,Anguilla,Mount Fortune,27,26,18,E,8.6,78,35,1014
2013-11-21,Anguilla,Mount Fortune,27,27,22,ENE,18.2,77,46,1014
2013-11-22,Anguilla,Mount Fortune,27,27,19,ENE,1.5,76,42,1013
2013-11-23,Anguilla,Mount Fortune,27,27,21,ENE,1.4,73,31,1012
2013-11-24,Anguilla,Mount Fortune,28,27,22,E,5.6,77,47,1013
2013-11-25,Anguilla,Mount Fortune,28,27,26,E,7.8,75,37,1015
2013-11-26,Anguilla,Mount Fortune,28,27,30,ENE,1.6,73,30,1014
2013-11-27,Anguilla,Mount Fortune,28,27,30,ENE,5.7,72,32,1013
2013-11-28,Anguilla,Mount Fortune,28,27,29,ENE,4.5,74,31,1014
2013-11-29,Anguilla,Mount Fortune,27,27,28,ENE,10.1,75,31,1014
2013-11-30,Anguilla,Mount Fortune,27,27,26,E,14.0,76,48,1013
2013-12-01,Anguilla,Mount Fortune,27,27,20,ESE,2.3,74,31,1012
2013-12-02,Anguilla,Mount Fortune,27,27,16,SE,0.7,76,29,1012
2013-12-03,Anguilla,Mount Fortune,27,27,17,SE,7.8,78,23,1015
2013-12-04,Anguilla,Mount Fortune,27,27,15,E,13.3,75,30,1015
2013-12-05,Anguilla,Mount Fortune,27,26,18,ENE,10.7,74,29,1015
2013-12-06,Anguilla,Mount Fortune,27,26,24,ENE,4.2,73,31,1015
2013-12-07,Anguilla,Mount Fortune,26,26,32,ENE,30.2,75,46,1016
2013-12-08,Anguilla,Mount Fortune,27,26,38,ENE,31.8,75,53,1016
2013-12-09,Anguilla,Mount Fortune,28,27,35,ENE,1.9,74,38,1017
2013-12-10,Anguilla,Mount Fortune,27,27,32,E,4.5,75,45,1017
2013-12-11,Anguilla,Mount Fortune,27,27,31,ENE,6.9,76,41,1017
2013-12-12,Anguilla,Mount Fortune,28,27,26,E,1.0,74,32,1016
2013-12-13,Anguilla,Mount Fortune,27,27,26,E,0.1,73,26,1016
2013-12-14,Anguilla,Mount Fortune,27,27,32,E,1.5,76,42,1017
2013-12-15,Anguilla,Mount Fortune,27,27,36,E,1.8,75,43,1018
2013-12-16,Anguilla,Mount Fortune,27,27,32,E,2.7,76,39,1017
2013-12-17,Anguilla,Mount Fortune,27,27,29,E,3.1,76,37,1016
2013-12-18,Anguilla,Mount Fortune,27,26,27,E,1.6,75,42,1016
2013-12-19,Anguilla,Mount Fortune,27,27,29,ENE,1.6,76,32,1016
2013-12-20,Anguilla,Mount Fortune,27,26,33,ENE,3.3,74,41,1016
2013-12-21,Anguilla,Mount Fortune,27,26,32,ENE,3.5,74,37,1016
2013-12-22,Anguilla,Mount Fortune,27,26,32,ENE,7.1,74,37,1016
2013-12-23,Anguilla,Mount Fortune,26,26,35,ENE,21.3,75,43,1015
2013-12-24,Anguilla,Mount Fortune,27,26,24,ESE,16.1,75,31,1014
2013-12-25,Anguilla,Mount Fortune,27,26,17,SE,12.5,74,18,1014
2013-12-26,Anguilla,Mount Fortune,27,26,21,ESE,31.5,78,26,1016
2013-12-27,Anguilla,Mount Fortune,27,26,22,ENE,4.6,79,41,1018
2013-12-28,Anguilla,Mount Fortune,27,26,23,E,2.4,77,43,1017
2013-12-29,Anguilla,Mount Fortune,27,26,28,E,2.4,76,37,1016
2013-12-30,Anguilla,Mount Fortune,27,26,31,E,2.0,77,42,1017
2013-12-31,Anguilla,Mount Fortune,27,26,30,ENE,2.5,76,37,1017
2014-01-01,Anguilla,Mount Fortune,27,26,31,ENE,3.7,76,29,1017
2014-01-02,Anguilla,Mount Fortune,27,26,33,E,1.3,76,36,1016
2014-01-03,Anguilla,Mount Fortune,27,26,23,E,0.8,77,42,1016
2014-01-04,Anguilla,Mount Fortune,27,26,34,E,1.1,78,45,1017
2014-01-05,Anguilla,Mount Fortune,27,26,34,E,0.8,73,30,1018
2014-01-06,Anguilla,Mount Fortune,27,26,34,E,2.8,78,47,1016
2014-01-07,Anguilla,Mount Fortune,26,26,29,E,1.9,76,38,1017
2014-01-08,Anguilla,Mount Fortune,27,26,32,E,2.0,75,31,1018
2014-01-09,Anguilla,Mount Fortune,26,26,32,ENE,2.8,73,26,1018
2014-01-10,Anguilla,Mount Fortune,26,26,31,ENE,2.3,73,29,1018
2014-01-11,Anguilla,Mount Fortune,26,25,31,E,3.8,75,35,1018
2014-01-12,Anguilla,Mount Fortune,26,26,28,E,1.1,74,25,1019
2014-01-13,Anguilla,Mount Fortune,26,26,29,E,2.0,74,34,1019
2014-01-14,Anguilla,Mount Fortune,25,25,28,E,1.0,70,27,1018
2014-01-15,Anguilla,Mount Fortune,26,25,25,E,0.9,69,31,1017
2014-01-16,Anguilla,Mount Fortune,26,25,25,E,1.0,71,21,1016
2014-01-17,Anguilla,Mount Fortune,26,25,25,E,0.6,75,35,1017
2014-01-18,Anguilla,Mount Fortune,26,26,25,ESE,0.9,79,42,1018
2014-01-19,Anguilla,Mount Fortune,26,26,20,ESE,1.6,79,30,1018
2014-01-20,Anguilla,Mount Fortune,26,26,20,E,0.4,77,31,1017
2014-01-21,Anguilla,Mount Fortune,26,25,23,E,0.1,75,36,1016
2014-01-22,Anguilla,Mount Fortune,26,25,19,ESE,4.2,79,34,1016
2014-01-23,Anguilla,Mount Fortune,26,26,21,ENE,0.9,78,33,1018
2014-01-24,Anguilla,Mount Fortune,26,25,23,E,1.6,77,47,1017
2014-01-25,Anguilla,Mount Fortune,26,25,24,E,1.0,77,42,1016
2014-01-26,Anguilla,Mount Fortune,26,25,24,E,0.3,74,32,1017
2014-01-27,Anguilla,Mount Fortune,26,26,30,E,2.2,76,31,1017
2014-01-28,Anguilla,Mount Fortune,26,26,28,E,1.7,74,26,1018
2014-01-29,Anguilla,Mount Fortune,26,25,30,E,1.1,74,28,1017
2014-01-30,Anguilla,Mount Fortune,26,26,31,ENE,4.1,74,27,1018
2014-01-31,Anguilla,Mount Fortune,26,25,32,ENE,5.5,75,37,1017
2014-02-01,Anguilla,Mount Fortune,26,25,29,E,3.7,77,49,1016
2014-02-02,Anguilla,Mount Fortune,26,25,26,E,3.7,77,51,1015
2014-02-03,Anguilla,Mount Fortune,26,25,29,ENE,2.8,77,47,1015
2014-02-04,Anguilla,Mount Fortune,26,25,27,ENE,3.6,76,34,1016
2014-02-05,Anguilla,Mount Fortune,26,25,28,ENE,4.1,77,44,1015
2014-02-06,Anguilla,Mount Fortune,26,25,29,E,12.5,78,47,1016
2014-02-07,Anguilla,Mount Fortune,26,25,28,E,5.6,77,40,1017
2014-02-08,Anguilla,Mount Fortune,26,25,27,E,3.9,79,50,1017
2014-02-09,Anguilla,Mount Fortune,26,26,20,ESE,3.1,79,41,1016
2014-02-10,Anguilla,Mount Fortune,26,26,22,E,0.6,77,40,1016
2014-02-11,Anguilla,Mount Fortune,26,25,23,E,0.6,75,34,1016
2014-02-12,Anguilla,Mount Fortune,26,25,22,E,0.9,77,41,1016
2014-02-13,Anguilla,Mount Fortune,26,25,25,ESE,2.5,78,47,1015
2014-02-14,Anguilla,Mount Fortune,26,26,24,ESE,0.5,78,42,1017
2014-02-15,Anguilla,Mount Fortune,26,26,27,ESE,1.8,73,36,1018
2014-02-16,Anguilla,Mount Fortune,26,25,26,E,3.3,75,31,1017
2014-02-17,Anguilla,Mount Fortune,26,25,22,E,0.3,71,24,1017
2014-02-18,Anguilla,Mount Fortune,26,25,24,E,6.7,78,44,1016
2014-02-19,Anguilla,Mount Fortune,26,25,29,E,1.6,74,36,1017
2014-02-20,Anguilla,Mount Fortune,26,25,29,E,0.9,75,36,1017
2014-02-21,Anguilla,Mount Fortune,26,25,29,E,2.9,76,37,1017
2014-02-22,Anguilla,Mount Fortune,26,25,28,E,9.1,76,45,1017
2014-02-23,Anguilla,Mount Fortune,26,25,25,E,2.0,74,30,1017
2014-02-24,Anguilla,Mount Fortune,26,25,22,E,0.8,74,31,1016
2014-02-25,Anguilla,Mount Fortune,26,25,22,E,1.6,73,26,1015
2014-02-26,Anguilla,Mount Fortune,26,25,24,ESE,2.3,75,33,1015
2014-02-27,Anguilla,Mount Fortune,26,25,24,ESE,1.4,75,35,1015
2014-02-28,Anguilla,Mount Fortune,26,25,24,ESE,0.8,75,38,1016
2014-03-01,Anguilla,Mount Fortune,25,25,18,ESE,0.2,76,33,1016
2014-03-02,Anguilla,Mount Fortune,25,25,9,E,0.3,74,8,1014
2014-03-03,Anguilla,Mount Fortune,25,24,15,NE,3.1,75,21,1015
2014-03-04,Anguilla,Mount Fortune,25,24,18,ENE,2.6,76,37,1016
2014-03-05,Anguilla,Mount Fortune,25,25,24,E,1.3,75,37,1017
2014-03-06,Anguilla,Mount Fortune,25,25,25,E,0.3,72,29,1018
2014-03-07,Anguilla,Mount Fortune,26,25,27,ESE,1.7,74,32,1016
2014-03-08,Anguilla,Mount Fortune,26,25,22,ESE,0.7,76,29,1016
2014-03-09,Anguilla,Mount Fortune,25,25,11,ESE,1.7,75,19,1016
2014-03-10,Anguilla,Mount Fortune,25,24,8,ESE,0.8,71,21,1015
2014-03-11,Anguilla,Mount Fortune,25,24,9,ENE,0.9,73,18,1014
2014-03-12,Anguilla,Mount Fortune,25,25,15,E,0.9,76,29,1015
2014-03-13,Anguilla,Mount Fortune,26,25,17,ESE,1.3,75,34,1015
2014-03-14,Anguilla,Mount Fortune,26,25,15,E,0.4,73,6,1015
2014-03-15,Anguilla,Mount Fortune,26,25,17,ENE,0.8,74,26,1014
2014-03-16,Anguilla,Mount Fortune,26,25,18,E,1.1,75,27,1014
2014-03-17,Anguilla,Mount Fortune,26,26,22,E,0.7,73,22,1015
2014-03-18,Anguilla,Mount Fortune,26,25,23,E,0.9,76,34,1017
2014-03-19,Anguilla,Mount Fortune,26,26,22,E,2.5,75,36,1016
2014-03-20,Anguilla,Mount Fortune,26,25,18,ESE,1.4,73,27,1015
2014-03-21,Anguilla,Mount Fortune,26,25,19,ESE,0.2,77,38,1016
2014-03-22,Anguilla,Mount Fortune,26,26,21,ESE,0.0,77,28,1018
2014-03-23,Anguilla,Mount Fortune,26,25,17,ESE,0.2,76,35,1017
2014-03-24,Anguilla,Mount Fortune,26,25,22,E,1.2,77,53,1016
2014-03-25,Anguilla,Mount Fortune,26,25,23,E,1.9,78,66,1016
2014-03-26,Anguilla,Mount Fortune,26,25,24,E,0.9,76,45,1016
2014-03-27,Anguilla,Mount Fortune,26,25,24,ENE,0.6,76,28,1019
2014-03-28,Anguilla,Mount Fortune,26,26,31,E,1.9,75,44,1017
2014-03-29,Anguilla,Mount Fortune,26,25,24,E,1.7,75,38,1016
2014-03-30,Anguilla,Mount Fortune,26,25,20,ESE,0.6,75,34,1015
2014-03-31,Anguilla,Mount Fortune,26,25,14,ESE,0.6,74,15,1016
2014-04-01,Anguilla,Mount Fortune,26,25,14,ESE,4.4,75,15,1016
2014-04-02,Anguilla,Mount Fortune,26,25,9,ESE,5.1,74,18,1016
2014-04-03,Anguilla,Mount Fortune,26,25,12,ENE,4.8,75,28,1015
2014-04-04,Anguilla,Mount Fortune,26,25,21,E,4.8,79,49,1016
2014-04-05,Anguilla,Mount Fortune,26,25,29,E,5.4,79,60,1017
2014-04-06,Anguilla,Mount Fortune,26,25,28,E,2.9,77,44,1017
2014-04-07,Anguilla,Mount Fortune,26,25,27,E,0.2,77,46,1018
2014-04-08,Anguilla,Mount Fortune,26,25,28,E,1.8,80,53,1018
2014-04-09,Anguilla,Mount Fortune,26,25,23,ESE,0.4,76,44,1018
2014-04-10,Anguilla,Mount Fortune,26,25,19,E,0.2,74,23,1018
2014-04-11,Anguilla,Mount Fortune,26,25,26,E,0.7,75,38,1018
2014-04-12,Anguilla,Mount Fortune,26,25,22,ENE,0.7,73,24,1017
2014-04-13,Anguilla,Mount Fortune,26,25,20,E,2.3,74,33,1015
2014-04-14,Anguilla,Mount Fortune,26,25,17,E,0.7,74,40,1014
2014-04-15,Anguilla,Mount Fortune,26,25,17,ESE,3.6,75,27,1014
2014-04-16,Anguilla,Mount Fortune,26,25,16,E,8.3,75,39,1015
2014-04-17,Anguilla,Mount Fortune,26,26,28,E,1.8,76,44,1016
2014-04-18,Anguilla,Mount Fortune,26,26,32,E,4.0,77,39,1017
2014-04-19,Anguilla,Mount Fortune,26,25,32,E,8.2,76,47,1017
2014-04-20,Anguilla,Mount Fortune,26,26,26,E,0.3,75,40,1018
2014-04-21,Anguilla,Mount Fortune,26,25,23,ESE,0.6,78,36,1015
2014-04-22,Anguilla,Mount Fortune,26,26,15,SSE,1.9,77,19,1014
2014-04-23,Anguilla,Mount Fortune,27,26,15,SSE,2.7,80,33,1015
2014-04-24,Anguilla,Mount Fortune,27,26,15,SE,0.0,79,12,1016
2014-04-25,Anguilla,Mount Fortune,26,26,14,ESE,0.0,77,12,1016
2014-04-26,Anguilla,Mount Fortune,27,26,16,ESE,0.2,76,11,1015
2014-04-27,Anguilla,Mount Fortune,27,26,15,ESE,0.2,76,20,1016
2014-04-28,Anguilla,Mount Fortune,26,26,17,ESE,0.2,75,26,1015
2014-04-29,Anguilla,Mount Fortune,27,26,19,ESE,0.2,74,25,1015
2014-04-30,Anguilla,Mount Fortune,27,26,19,ENE,0.2,75,23,1015
2014-05-01,Anguilla,Mount Fortune,27,26,20,E,0.5,75,34,1015
2014-05-02,Anguilla,Mount Fortune,27,26,24,E,0.9,80,47,1016
2014-05-03,Anguilla,Mount Fortune,27,26,24,E,1.9,78,42,1018
2014-05-04,Anguilla,Mount Fortune,27,26,17,ESE,0.3,75,26,1017
2014-05-05,Anguilla,Mount Fortune,27,26,12,SE,0.2,74,16,1015
2014-05-06,Anguilla,Mount Fortune,27,26,10,SE,0.0,73,18,1015
2014-05-07,Anguilla,Mount Fortune,27,26,15,ESE,7.4,76,22,1016
2014-05-08,Anguilla,Mount Fortune,26,26,21,E,21.7,76,39,1016
2014-05-09,Anguilla,Mount Fortune,26,25,21,ENE,27.3,75,30,1016
2014-05-10,Anguilla,Mount Fortune,25,24,26,E,109.0,78,63,1015
2014-05-11,Anguilla,Mount Fortune,27,26,29,ESE,34.2,77,41,1015
2014-05-12,Anguilla,Mount Fortune,27,26,29,E,16.9,77,38,1015
2014-05-13,Anguilla,Mount Fortune,27,26,26,E,1.4,77,41,1015
2014-05-14,Anguilla,Mount Fortune,27,26,24,E,1.2,77,37,1015
2014-05-15,Anguilla,Mount Fortune,27,26,23,E,1.0,77,51,1016
2014-05-16,Anguilla,Mount Fortune,26,26,20,ENE,0.9,78,41,1014
2014-05-17,Anguilla,Mount Fortune,26,26,17,ENE,0.1,77,41,1014
2014-05-18,Anguilla,Mount Fortune,26,26,18,E,0.0,77,28,1015
2014-05-19,Anguilla,Mount Fortune,27,26,24,E,0.9,80,49,1016
2014-05-20,Anguilla,Mount Fortune,27,26,20,ESE,0.2,80,40,1016
2014-05-21,Anguilla,Mount Fortune,27,26,18,ESE,0.0,77,22,1016
2014-05-22,Anguilla,Mount Fortune,27,27,23,E,0.7,75,27,1017
2014-05-23,Anguilla,Mount Fortune,27,27,25,E,0.4,74,25,1018
2014-05-24,Anguilla,Mount Fortune,27,27,21,E,0.3,75,35,1017
2014-05-25,Anguilla,Mount Fortune,27,27,23,E,1.5,76,34,1017
2014-05-26,Anguilla,Mount Fortune,27,27,20,E,0.5,75,36,1018
2014-05-27,Anguilla,Mount Fortune,27,27,22,E,1.1,75,39,1017
2014-05-28,Anguilla,Mount Fortune,27,27,22,E,2.2,76,36,1017
2014-05-29,Anguilla,Mount Fortune,27,27,21,E,1.4,76,42,1016
2014-05-30,Anguilla,Mount Fortune,27,27,23,E,0.8,75,39,1016
2014-05-31,Anguilla,Mount Fortune,27,27,21,ESE,0.6,76,48,1016
2014-06-01,Anguilla,Mount Fortune,27,27,21,ESE,0.3,78,35,1015
2014-06-02,Anguilla,Mount Fortune,27,27,17,ESE,0.0,79,38,1014
2014-06-03,Anguilla,Mount Fortune,27,27,14,SE,0.3,78,20,1014
2014-06-04,Anguilla,Mount Fortune,27,27,20,ESE,0.5,76,35,1015
2014-06-05,Anguilla,Mount Fortune,27,27,26,E,2.1,78,45,1015
2014-06-06,Anguilla,Mount Fortune,27,27,26,E,0.5,77,36,1015
2014-06-07,Anguilla,Mount Fortune,27,27,24,E,0.5,77,39,1015
2014-06-08,Anguilla,Mount Fortune,27,26,22,ESE,0.8,80,43,1016
2014-06-09,Anguilla,Mount Fortune,27,27,23,ESE,0.0,77,25,1016
2014-06-10,Anguilla,Mount Fortune,27,27,24,E,0.2,78,27,1018
2014-06-11,Anguilla,Mount Fortune,27,27,21,E,0.2,78,19,1017
2014-06-12,Anguilla,Mount Fortune,27,27,19,E,0.0,77,32,1017
2014-06-13,Anguilla,Mount Fortune,27,26,21,E,0.2,77,44,1017
2014-06-14,Anguilla,Mount Fortune,28,26,23,E,0.4,80,39,1017
2014-06-15,Anguilla,Mount Fortune,28,27,22,E,0.5,79,25,1017
2014-06-16,Anguilla,Mount Fortune,27,27,18,E,0.1,77,23,1017
2014-06-17,Anguilla,Mount Fortune,27,27,15,ENE,5.8,78,29,1017
2014-06-18,Anguilla,Mount Fortune,27,27,20,E,5.6,76,41,1017
2014-06-19,Anguilla,Mount Fortune,28,27,22,E,12.3,78,42,1018
2014-06-20,Anguilla,Mount Fortune,28,27,24,ESE,37.1,81,38,1017
2014-06-21,Anguilla,Mount Fortune,28,27,21,E,4.2,81,40,1017
2014-06-22,Anguilla,Mount Fortune,28,28,21,E,6.0,78,38,1017
2014-06-23,Anguilla,Mount Fortune,28,27,25,E,0.9,77,39,1018
2014-06-24,Anguilla,Mount Fortune,28,27,23,ESE,1.0,77,41,1019
2014-06-25,Anguilla,Mount Fortune,28,27,23,E,0.5,78,50,1018
2014-06-26,Anguilla,Mount Fortune,28,28,20,E,1.0,78,21,1017
2014-06-27,Anguilla,Mount Fortune,28,28,24,E,0.6,76,37,1017
2014-06-28,Anguilla,Mount Fortune,28,28,25,E,0.6,75,27,1018
2014-06-29,Anguilla,Mount Fortune,28,28,23,E,0.7,80,38,1018
2014-06-30,Anguilla,Mount Fortune,28,28,22,E,9.4,81,45,1017
2014-07-01,Anguilla,Mount Fortune,28,27,21,E,0.1,77,30,1017
2014-07-02,Anguilla,Mount Fortune,28,27,22,E,0.8,76,28,1017
2014-07-03,Anguilla,Mount Fortune,28,27,26,E,0.7,77,39,1018
2014-07-04,Anguilla,Mount Fortune,28,27,26,E,0.7,76,32,1019
2014-07-05,Anguilla,Mount Fortune,28,27,28,E,6.4,78,47,1017
2014-07-06,Anguilla,Mount Fortune,28,27,27,E,0.7,79,29,1018
2014-07-07,Anguilla,Mount Fortune,28,28,23,E,0.7,76,29,1019
2014-07-08,Anguilla,Mount Fortune,28,28,23,ENE,3.7,75,30,1020
2014-07-09,Anguilla,Mount Fortune,28,27,25,E,5.1,76,39,1018
2014-07-10,Anguilla,Mount Fortune,28,27,29,ESE,2.2,78,33,1018
2014-07-11,Anguilla,Mount Fortune,28,28,25,E,1.3,77,33,1018
2014-07-12,Anguilla,Mount Fortune,28,27,19,E,0.5,75,27,1018
2014-07-13,Anguilla,Mount Fortune,28,27,15,ESE,1.9,76,35,1017
2014-07-14,Anguilla,Mount Fortune,28,27,19,ESE,0.3,77,42,1017
2014-07-15,Anguilla,Mount Fortune,28,27,25,ESE,9.2,78,55,1018
2014-07-16,Anguilla,Mount Fortune,28,27,25,ESE,1.6,78,48,1018
2014-07-17,Anguilla,Mount Fortune,28,27,24,ESE,1.8,77,39,1019
2014-07-18,Anguilla,Mount Fortune,28,28,25,ESE,1.8,76,41,1019
2014-07-19,Anguilla,Mount Fortune,28,28,24,E,2.4,78,48,1018
2014-07-20,Anguilla,Mount Fortune,28,28,20,E,1.1,78,42,1018
2014-07-21,Anguilla,Mount Fortune,28,27,24,E,1.8,74,36,1018
2014-07-22,Anguilla,Mount Fortune,28,27,28,E,1.5,78,43,1017
2014-07-23,Anguilla,Mount Fortune,28,28,28,E,0.9,79,47,1017
2014-07-24,Anguilla,Mount Fortune,28,27,30,E,0.2,76,34,1017
2014-07-25,Anguilla,Mount Fortune,28,28,29,E,1.5,80,63,1017
2014-07-26,Anguilla,Mount Fortune,28,28,26,E,0.7,79,63,1017
2014-07-27,Anguilla,Mount Fortune,28,28,20,E,0.6,78,35,1018
2014-07-28,Anguilla,Mount Fortune,28,27,16,E,2.3,75,16,1018
2014-07-29,Anguilla,Mount Fortune,28,27,19,ESE,8.0,77,31,1017
2014-07-30,Anguilla,Mount Fortune,28,27,20,ESE,0.3,77,26,1017
2014-07-31,Anguilla,Mount Fortune,28,27,21,ESE,1.3,78,35,1016
2014-08-01,Anguilla,Mount Fortune,28,27,26,E,2.3,79,46,1015
2014-08-02,Anguilla,Mount Fortune,28,28,34,ESE,54.3,80,50,1016
2014-08-03,Anguilla,Mount Fortune,28,28,28,E,0.5,76,45,1018
2014-08-04,Anguilla,Mount Fortune,28,28,30,ENE,4.3,80,56,1016
2014-08-05,Anguilla,Mount Fortune,28,28,27,E,5.0,81,46,1016
2014-08-06,Anguilla,Mount Fortune,28,28,26,E,4.2,79,45,1016
2014-08-07,Anguilla,Mount Fortune,28,28,25,E,0.8,77,35,1016
2014-08-08,Anguilla,Mount Fortune,28,28,25,E,4.6,78,44,1017
2014-08-09,Anguilla,Mount Fortune,28,27,24,E,1.1,77,43,1017
2014-08-10,Anguilla,Mount Fortune,28,28,24,ENE,12.1,77,43,1016
2014-08-11,Anguilla,Mount Fortune,28,28,28,E,8.6,80,39,1016
2014-08-12,Anguilla,Mount Fortune,28,28,27,ESE,1.3,81,45,1017
2014-08-13,Anguilla,Mount Fortune,28,28,27,E,0.4,77,38,1017
2014-08-14,Anguilla,Mount Fortune,28,28,25,E,0.1,77,35,1017
2014-08-15,Anguilla,Mount Fortune,28,28,26,ENE,1.4,79,43,1016
2014-08-16,Anguilla,Mount Fortune,28,28,27,E,7.0,83,42,1017
2014-08-17,Anguilla,Mount Fortune,28,28,22,E,0.4,81,48,1017
2014-08-18,Anguilla,Mount Fortune,28,28,21,ENE,0.3,79,30,1015
2014-08-19,Anguilla,Mount Fortune,28,28,24,ENE,6.6,80,53,1015
2014-08-20,Anguilla,Mount Fortune,28,28,23,ENE,1.6,79,45,1015
2014-08-21,Anguilla,Mount Fortune,28,28,30,ENE,36.5,80,49,1013
2014-08-22,Anguilla,Mount Fortune,29,28,33,SE,46.6,79,55,1012
2014-08-23,Anguilla,Mount Fortune,28,28,23,ESE,12.2,80,44,1013
2014-08-24,Anguilla,Mount Fortune,28,27,20,ESE,0.0,78,26,1012
2014-08-25,Anguilla,Mount Fortune,28,28,25,SE,5.8,79,39,1013
2014-08-26,Anguilla,Mount Fortune,29,28,28,ESE,0.2,81,40,1015
2014-08-27,Anguilla,Mount Fortune,29,28,32,E,2.4,80,34,1016
2014-08-28,Anguilla,Mount Fortune,28,28,26,ESE,6.8,78,34,1015
2014-08-29,Anguilla,Mount Fortune,28,27,17,E,10.7,76,25,1016
2014-08-30,Anguilla,Mount Fortune,29,27,24,E,23.1,78,34,1017
2014-08-31,Anguilla,Mount Fortune,28,28,23,E,0.3,76,39,1016
2014-09-01,Anguilla,Mount Fortune,29,28,22,E,0.3,78,41,1016
2014-09-02,Anguilla,Mount Fortune,29,28,23,E,0.8,79,37,1015
2014-09-03,Anguilla,Mount Fortune,29,28,24,ENE,0.7,78,45,1015
2014-09-04,Anguilla,Mount Fortune,29,28,24,E,21.0,80,47,1015
2014-09-05,Anguilla,Mount Fortune,29,28,22,E,0.1,78,43,1015
2014-09-06,Anguilla,Mount Fortune,28,28,22,E,6.8,76,14,1015
2014-09-07,Anguilla,Mount Fortune,28,28,19,ESE,14.7,74,27,1015
2014-09-08,Anguilla,Mount Fortune,28,28,18,E,1.6,79,34,1017
2014-09-09,Anguilla,Mount Fortune,28,28,18,E,0.3,79,43,1016
2014-09-10,Anguilla,Mount Fortune,28,27,17,E,0.2,77,34,1014
2014-09-11,Anguilla,Mount Fortune,28,28,22,E,0.5,78,38,1014
2014-09-12,Anguilla,Mount Fortune,29,28,21,E,0.1,77,26,1015
2014-09-13,Anguilla,Mount Fortune,29,28,20,E,2.7,78,52,1013
2014-09-14,Anguilla,Mount Fortune,28,28,20,ENE,7.8,78,47,1015
2014-09-15,Anguilla,Mount Fortune,28,28,13,E,0.3,77,27,1015
2014-09-16,Anguilla,Mount Fortune,28,27,15,E,0.0,76,10,1015
2014-09-17,Anguilla,Mount Fortune,28,28,18,ENE,0.4,79,52,1014
2014-09-18,Anguilla,Mount Fortune,29,28,21,ESE,17.5,80,43,1014
2014-09-19,Anguilla,Mount Fortune,28,28,21,ESE,4.3,78,40,1014
2014-09-20,Anguilla,Mount Fortune,29,28,23,E,2.0,78,39,1014
2014-09-21,Anguilla,Mount Fortune,29,28,22,ENE,0.4,78,44,1015
2014-09-22,Anguilla,Mount Fortune,29,28,20,ESE,16.7,78,24,1013
2014-09-23,Anguilla,Mount Fortune,29,28,18,E,19.5,77,23,1014
2014-09-24,Anguilla,Mount Fortune,28,28,19,E,6.0,77,42,1015
2014-09-25,Anguilla,Mount Fortune,28,28,16,E,19.5,76,29,1013
2014-09-26,Anguilla,Mount Fortune,28,27,17,SE,7.9,76,33,1012
2014-09-27,Anguilla,Mount Fortune,28,27,13,SE,1.0,76,21,1013
2014-09-28,Anguilla,Mount Fortune,28,28,11,SE,1.2,76,22,1014
2014-09-29,Anguilla,Mount Fortune,28,28,11,ESE,0.0,76,22,1014
2014-09-30,Anguilla,Mount Fortune,29,28,16,ESE,0.2,77,32,1015
2014-10-01,Anguilla,Mount Fortune,29,28,20,ESE,0.3,78,29,1016
2014-10-02,Anguilla,Mount Fortune,29,28,20,E,0.2,80,35,1016
2014-10-03,Anguilla,Mount Fortune,29,28,19,E,0.0,77,36,1015
2014-10-04,Anguilla,Mount Fortune,28,28,14,E,0.0,77,41,1014
2014-10-05,Anguilla,Mount Fortune,28,27,15,ENE,0.0,77,29,1014
2014-10-06,Anguilla,Mount Fortune,28,28,22,ENE,6.4,78,58,1014
2014-10-07,Anguilla,Mount Fortune,28,28,20,NE,19.3,79,48,1013
2014-10-08,Anguilla,Mount Fortune,28,28,11,SE,1.3,76,30,1011
2014-10-09,Anguilla,Mount Fortune,28,28,10,W,2.9,77,32,1009
2014-10-10,Anguilla,Mount Fortune,28,28,13,SW,0.7,77,30,1010
2014-10-11,Anguilla,Mount Fortune,29,28,12,SE,1.9,74,22,1014
2014-10-12,Anguilla,Mount Fortune,29,28,22,ENE,4.4,75,41,1013
2014-10-13,Anguilla,Mount Fortune,28,27,46,E,67.8,79,77,1008
2014-10-14,Anguilla,Mount Fortune,29,28,34,S,38.4,77,39,1012
2014-10-15,Anguilla,Mount Fortune,28,28,15,SSE,0.0,78,30,1014
2014-10-16,Anguilla,Mount Fortune,28,28,9,E,0.0,76,22,1013
2014-10-17,Anguilla,Mount Fortune,28,27,8,E,0.0,74,27,1013
2014-10-18,Anguilla,Mount Fortune,28,27,7,NE,0.1,74,23,1013
2014-10-19,Anguilla,Mount Fortune,28,28,11,ENE,0.3,73,22,1013
2014-10-20,Anguilla,Mount Fortune,28,28,12,ENE,0.1,73,10,1013
2014-10-21,Anguilla,Mount Fortune,28,28,16,E,0.3,75,34,1013
2014-10-22,Anguilla,Mount Fortune,28,28,16,E,0.1,77,43,1014
2014-10-23,Anguilla,Mount Fortune,29,28,19,E,2.8,78,46,1013
2014-10-24,Anguilla,Mount Fortune,29,28,17,ESE,4.4,78,35,1013
2014-10-25,Anguilla,Mount Fortune,29,28,19,ESE,1.5,77,37,1012
2014-10-26,Anguilla,Mount Fortune,28,28,18,ESE,0.2,77,43,1011
2014-10-27,Anguilla,Mount Fortune,29,28,15,E,4.5,77,30,1013
2014-10-28,Anguilla,Mount Fortune,29,28,16,ENE,5.0,77,43,1013
2014-10-29,Anguilla,Mount Fortune,28,27,13,SSW,15.3,76,31,1011
2014-10-30,Anguilla,Mount Fortune,29,28,25,SSE,28.7,74,24,1010
2014-10-31,Anguilla,Mount Fortune,29,28,19,SE,11.4,76,31,1012
2014-11-01,Anguilla,Mount Fortune,29,28,18,ESE,0.8,79,40,1014
2014-11-02,Anguilla,Mount Fortune,28,28,19,E,5.3,78,45,1015
2014-11-03,Anguilla,Mount Fortune,28,28,18,ENE,4.8,76,45,1013
2014-11-04,Anguilla,Mount Fortune,28,27,15,E,12.4,75,35,1012
2014-11-05,Anguilla,Mount Fortune,28,27,19,ESE,6.5,74,39,1013
2014-11-06,Anguilla,Mount Fortune,28,28,25,ESE,4.4,78,53,1014
2014-11-07,Anguilla,Mount Fortune,28,27,25,ESE,74.9,80,61,1013
2014-11-08,Anguilla,Mount Fortune,28,27,31,ESE,45.3,78,56,1012
2014-11-09,Anguilla,Mount Fortune,29,28,24,ESE,60.9,79,46,1013
2014-11-10,Anguilla,Mount Fortune,28,28,23,E,6.2,77,36,1013
2014-11-11,Anguilla,Mount Fortune,28,28,22,E,5.9,75,32,1012
2014-11-12,Anguilla,Mount Fortune,28,28,17,ENE,4.3,74,16,1012
2014-11-13,Anguilla,Mount Fortune,28,27,12,E,9.9,75,27,1012
2014-11-14,Anguilla,Mount Fortune,28,28,16,E,19.5,74,18,1013
2014-11-15,Anguilla,Mount Fortune,28,28,21,E,5.8,78,46,1015
2014-11-16,Anguilla,Mount Fortune,28,28,27,ENE,5.3,78,42,1016
2014-11-17,Anguilla,Mount Fortune,28,28,29,ENE,7.4,78,45,1016
2014-11-18,Anguilla,Mount Fortune,28,28,27,ENE,3.2,76,35,1015
2014-11-19,Anguilla,Mount Fortune,28,27,30,E,1.9,77,42,1015
2014-11-20,Anguilla,Mount Fortune,28,28,29,E,1.8,73,28,1015
2014-11-21,Anguilla,Mount Fortune,28,27,28,E,0.1,77,46,1015
2014-11-22,Anguilla,Mount Fortune,28,27,31,E,8.5,76,57,1015
2014-11-23,Anguilla,Mount Fortune,28,28,32,E,0.1,74,33,1016
2014-11-24,Anguilla,Mount Fortune,28,27,34,E,0.1,77,47,1016
2014-11-25,Anguilla,Mount Fortune,28,27,33,ENE,0.5,75,42,1016
2014-11-26,Anguilla,Mount Fortune,28,27,31,ENE,0.2,74,34,1015
2014-11-27,Anguilla,Mount Fortune,27,27,17,E,0.1,69,27,1014
2014-11-28,Anguilla,Mount Fortune,27,26,11,E,2.1,73,20,1014
2014-11-29,Anguilla,Mount Fortune,27,27,10,ESE,1.4,78,27,1014
2014-11-30,Anguilla,Mount Fortune,27,27,14,E,1.1,76,26,1016
2014-12-01,Anguilla,Mount Fortune,27,27,18,ENE,6.5,76,28,1015
2014-12-02,Anguilla,Mount Fortune,27,26,20,ENE,1.0,78,56,1013
2014-12-03,Anguilla,Mount Fortune,27,26,20,ENE,1.1,78,46,1012
2014-12-04,Anguilla,Mount Fortune,27,26,13,ENE,2.6,76,33,1012
2014-12-05,Anguilla,Mount Fortune,26,26,8,S,1.1,76,41,1012
2014-12-06,Anguilla,Mount Fortune,27,26,12,NW,0.0,74,26,1010
2014-12-07,Anguilla,Mount Fortune,27,26,10,SW,0.0,71,27,1011
2014-12-08,Anguilla,Mount Fortune,26,26,9,NE,0.4,71,11,1014
2014-12-09,Anguilla,Mount Fortune,27,26,13,E,0.1,75,22,1013
2014-12-10,Anguilla,Mount Fortune,27,26,14,E,0.3,75,14,1014
2014-12-11,Anguilla,Mount Fortune,27,26,19,ENE,0.8,77,38,1016
2014-12-12,Anguilla,Mount Fortune,27,26,21,E,0.6,75,38,1016
2014-12-13,Anguilla,Mount Fortune,27,26,17,ESE,2.1,75,33,1013
2014-12-14,Anguilla,Mount Fortune,27,27,16,SSE,0.2,73,9,1012
2014-12-15,Anguilla,Mount Fortune,26,26,9,SSW,5.9,74,47,1013
2014-12-16,Anguilla,Mount Fortune,26,26,20,ENE,4.1,79,52,1016
2014-12-17,Anguilla,Mount Fortune,26,26,20,NE,2.7,78,48,1016
2014-12-18,Anguilla,Mount Fortune,27,26,24,ENE,0.3,73,32,1015
2014-12-19,Anguilla,Mount Fortune,27,26,22,ENE,0.0,72,33,1015
2014-12-20,Anguilla,Mount Fortune,27,26,25,ENE,0.3,75,39,1016
2014-12-21,Anguilla,Mount Fortune,27,26,24,ENE,0.0,76,36,1016
2014-12-22,Anguilla,Mount Fortune,27,26,21,E,0.1,76,39,1016
2014-12-23,Anguilla,Mount Fortune,27,26,28,ENE,0.4,74,50,1016
2014-12-24,Anguilla,Mount Fortune,27,26,27,ENE,0.4,73,35,1016
2014-12-25,Anguilla,Mount Fortune,27,26,28,ENE,0.9,75,33,1017
2014-12-26,Anguilla,Mount Fortune,26,25,25,ENE,0.0,73,21,1017
2014-12-27,Anguilla,Mount Fortune,26,25,19,NE,0.0,72,23,1017
2014-12-28,Anguilla,Mount Fortune,26,25,17,ENE,1.6,75,42,1016
2014-12-29,Anguilla,Mount Fortune,27,26,26,E,1.5,77,53,1018
2014-12-30,Anguilla,Mount Fortune,27,26,28,E,0.3,76,40,1019
2014-12-31,Anguilla,Mount Fortune,27,26,25,E,0.3,77,39,1019
2015-01-01,Anguilla,Mount Fortune,27,26,26,E,0.4,77,35,1019
2015-01-02,Anguilla,Mount Fortune,27,26,30,ENE,1.9,76,35,1020
2015-01-03,Anguilla,Mount Fortune,27,26,36,ENE,2.2,75,42,1020
2015-01-04,Anguilla,Mount Fortune,27,26,35,ENE,3.9,74,34,1020
2015-01-05,Anguilla,Mount Fortune,27,26,33,ENE,1.5,74,34,1021
2015-01-06,Anguilla,Mount Fortune,27,26,31,ENE,1.1,72,29,1020
2015-01-07,Anguilla,Mount Fortune,27,26,26,E,1.5,72,31,1017
2015-01-08,Anguilla,Mount Fortune,26,26,21,ENE,1.8,73,30,1017
2015-01-09,Anguilla,Mount Fortune,26,26,21,E,1.6,75,26,1018
2015-01-10,Anguilla,Mount Fortune,27,26,24,E,1.4,77,40,1019
2015-01-11,Anguilla,Mount Fortune,27,26,30,E,5.2,76,35,1019
2015-01-12,Anguilla,Mount Fortune,27,26,36,E,4.5,76,35,1018
2015-01-13,Anguilla,Mount Fortune,26,26,32,E,5.9,77,49,1017
2015-01-14,Anguilla,Mount Fortune,26,26,30,E,3.3,78,53,1016
2015-01-15,Anguilla,Mount Fortune,26,26,24,ESE,0.6,76,35,1017
2015-01-16,Anguilla,Mount Fortune,26,26,18,ESE,0.1,76,33,1016
2015-01-17,Anguilla,Mount Fortune,26,26,9,ESE,0.2,72,21,1016
2015-01-18,Anguilla,Mount Fortune,26,25,6,E,0.0,71,39,1016
2015-01-19,Anguilla,Mount Fortune,26,26,6,SE,0.2,68,36,1015
2015-01-20,Anguilla,Mount Fortune,26,26,14,E,0.3,70,35,1015
2015-01-21,Anguilla,Mount Fortune,26,26,16,ENE,2.0,77,49,1015
2015-01-22,Anguilla,Mount Fortune,26,26,8,SE,12.1,72,20,1016
2015-01-23,Anguilla,Mount Fortune,26,26,15,E,4.7,74,33,1016
2015-01-24,Anguilla,Mount Fortune,26,26,21,E,2.2,74,31,1016
2015-01-25,Anguilla,Mount Fortune,26,26,20,E,0.3,75,41,1016
2015-01-26,Anguilla,Mount Fortune,27,26,24,ESE,0.3,74,32,1016
2015-01-27,Anguilla,Mount Fortune,27,26,22,ESE,0.4,74,38,1016
2015-01-28,Anguilla,Mount Fortune,26,26,20,ESE,0.7,75,32,1016
2015-01-29,Anguilla,Mount Fortune,26,26,17,E,3.5,74,13,1016
2015-01-30,Anguilla,Mount Fortune,26,25,12,ENE,3.8,72,48,1015
2015-01-31,Anguilla,Mount Fortune,26,25,13,NE,0.0,73,62,1016
2015-02-01,Anguilla,Mount Fortune,26,25,28,NE,4.7,77,56,1018
2015-02-02,Anguilla,Mount Fortune,26,26,29,ENE,1.6,76,53,1018
2015-02-03,Anguilla,Mount Fortune,26,26,19,E,3.4,77,39,1018
2015-02-04,Anguilla,Mount Fortune,26,26,21,E,1.2,76,23,1017
2015-02-05,Anguilla,Mount Fortune,26,25,22,E,0.8,75,28,1016
2015-02-06,Anguilla,Mount Fortune,26,26,15,ESE,0.4,74,35,1015
2015-02-07,Anguilla,Mount Fortune,26,26,11,ENE,0.4,72,13,1015
2015-02-08,Anguilla,Mount Fortune,26,26,19,E,0.5,75,59,1015
2015-02-09,Anguilla,Mount Fortune,26,26,21,E,0.5,75,46,1014
2015-02-10,Anguilla,Mount Fortune,27,26,23,SSE,0.8,76,29,1012
2015-02-11,Anguilla,Mount Fortune,27,26,27,SSW,1.5,77,29,1012
2015-02-12,Anguilla,Mount Fortune,26,26,14,SE,5.1,76,35,1015
2015-02-13,Anguilla,Mount Fortune,26,26,16,E,6.0,76,34,1016
2015-02-14,Anguilla,Mount Fortune,27,26,21,ESE,9.0,77,28,1017
2015-02-15,Anguilla,Mount Fortune,27,26,14,SE,1.7,75,30,1017
2015-02-16,Anguilla,Mount Fortune,26,26,15,E,0.4,73,17,1017
2015-02-17,Anguilla,Mount Fortune,27,26,26,E,0.8,74,27,1017
2015-02-18,Anguilla,Mount Fortune,26,26,29,E,2.6,76,41,1017
2015-02-19,Anguilla,Mount Fortune,27,26,25,E,0.8,74,34,1016
2015-02-20,Anguilla,Mount Fortune,26,26,25,E,6.3,76,29,1016
2015-02-21,Anguilla,Mount Fortune,26,26,28,E,5.9,75,24,1018
2015-02-22,Anguilla,Mount Fortune,26,26,31,E,4.5,74,39,1018
2015-02-23,Anguilla,Mount Fortune,26,26,25,E,3.0,73,24,1017
2015-02-24,Anguilla,Mount Fortune,26,25,19,E,0.9,72,27,1016
2015-02-25,Anguilla,Mount Fortune,26,26,23,E,2.6,73,28,1017
2015-02-26,Anguilla,Mount Fortune,27,25,32,E,0.8,71,28,1018
2015-02-27,Anguilla,Mount Fortune,26,26,32,E,2.2,74,39,1018
2015-02-28,Anguilla,Mount Fortune,26,26,34,E,1.4,74,45,1019
2015-03-01,Anguilla,Mount Fortune,26,26,32,ENE,2.4,71,32,1019
2015-03-02,Anguilla,Mount Fortune,26,25,30,ENE,2.1,72,32,1017
2015-03-03,Anguilla,Mount Fortune,26,25,28,ENE,3.0,72,25,1017
2015-03-04,Anguilla,Mount Fortune,26,25,32,ENE,2.0,71,27,1018
2015-03-05,Anguilla,Mount Fortune,26,25,34,E,1.9,71,29,1019
2015-03-06,Anguilla,Mount Fortune,26,25,31,E,1.4,72,35,1019
2015-03-07,Anguilla,Mount Fortune,26,25,28,ENE,1.0,71,20,1019
2015-03-08,Anguilla,Mount Fortune,26,25,29,ENE,1.9,72,28,1018
2015-03-09,Anguilla,Mount Fortune,26,25,31,E,3.5,74,34,1018
2015-03-10,Anguilla,Mount Fortune,25,25,23,E,1.1,74,52,1017
2015-03-11,Anguilla,Mount Fortune,25,25,22,ENE,1.0,73,54,1016
2015-03-12,Anguilla,Mount Fortune,25,25,23,ENE,0.8,73,61,1016
2015-03-13,Anguilla,Mount Fortune,26,25,23,E,0.6,75,54,1016
2015-03-14,Anguilla,Mount Fortune,26,25,22,E,0.4,75,53,1016
2015-03-15,Anguilla,Mount Fortune,26,25,21,E,0.2,76,56,1016
2015-03-16,Anguilla,Mount Fortune,26,25,20,E,0.3,74,59,1016
2015-03-17,Anguilla,Mount Fortune,26,25,20,E,0.6,74,51,1016
2015-03-18,Anguilla,Mount Fortune,26,25,20,E,0.7,74,54,1016
2015-03-19,Anguilla,Mount Fortune,26,25,21,ENE,0.2,73,38,1017
2015-03-20,Anguilla,Mount Fortune,26,25,21,ENE,0.1,73,32,1016
2015-03-21,Anguilla,Mount Fortune,26,25,15,ENE,0.8,72,44,1016
2015-03-22,Anguilla,Mount Fortune,26,25,16,ENE,0.7,72,51,1016
2015-03-23,Anguilla,Mount Fortune,26,25,18,ESE,1.2,75,30,1017
2015-03-24,Anguilla,Mount Fortune,26,26,19,ESE,0.5,75,20,1018
2015-03-25,Anguilla,Mount Fortune,26,26,17,E,0.4,74,20,1018
2015-03-26,Anguilla,Mount Fortune,26,26,25,E,0.9,74,31,1018
2015-03-27,Anguilla,Mount Fortune,26,26,28,E,1.2,74,33,1018
2015-03-28,Anguilla,Mount Fortune,27,26,28,ESE,0.8,73,30,1019
2015-03-29,Anguilla,Mount Fortune,26,26,23,ESE,1.3,72,23,1019
2015-03-30,Anguilla,Mount Fortune,26,25,19,E,0.0,70,19,1017
2015-03-31,Anguilla,Mount Fortune,26,25,19,E,0.6,70,31,1017
2015-04-01,Anguilla,Mount Fortune,26,25,24,E,5.8,77,54,1018
2015-04-02,Anguilla,Mount Fortune,26,25,22,E,0.3,77,41,1018
2015-04-03,Anguilla,Mount Fortune,26,25,29,E,0.9,72,36,1017
2015-04-04,Anguilla,Mount Fortune,26,25,22,E,3.9,72,25,1015
2015-04-05,Anguilla,Mount Fortune,26,25,17,E,1.4,72,22,1014
2015-04-06,Anguilla,Mount Fortune,26,26,22,E,2.8,74,38,1016
2015-04-07,Anguilla,Mount Fortune,26,26,27,E,4.1,75,32,1016
2015-04-08,Anguilla,Mount Fortune,26,26,27,E,1.0,73,28,1016
2015-04-09,Anguilla,Mount Fortune,26,26,28,E,1.0,75,40,1017
2015-04-10,Anguilla,Mount Fortune,26,26,26,E,2.2,76,39,1018
2015-04-11,Anguilla,Mount Fortune,26,26,25,ESE,4.7,75,34,1018
2015-04-12,Anguilla,Mount Fortune,26,26,27,E,0.2,75,37,1018
2015-04-13,Anguilla,Mount Fortune,26,25,21,ESE,2.3,77,54,1015
2015-04-14,Anguilla,Mount Fortune,26,25,21,ESE,2.3,77,57,1015
2015-04-15,Anguilla,Mount Fortune,26,26,23,E,1.4,78,48,1016
2015-04-16,Anguilla,Mount Fortune,26,25,24,ENE,1.1,80,40,1017
2015-04-17,Anguilla,Mount Fortune,26,25,22,E,14.7,76,29,1017
2015-04-18,Anguilla,Mount Fortune,26,26,23,ESE,2.8,78,53,1017
2015-04-19,Anguilla,Mount Fortune,27,26,20,ESE,0.4,79,24,1016
2015-04-20,Anguilla,Mount Fortune,26,26,18,E,0.3,76,14,1016
2015-04-21,Anguilla,Mount Fortune,26,26,23,E,0.4,73,34,1017
2015-04-22,Anguilla,Mount Fortune,27,26,22,E,0.0,73,22,1015
2015-04-23,Anguilla,Mount Fortune,27,26,16,ESE,0.2,77,33,1015
2015-04-24,Anguilla,Mount Fortune,27,26,14,SSE,0.2,76,21,1015
2015-04-25,Anguilla,Mount Fortune,27,26,9,SE,0.1,74,21,1015
2015-04-26,Anguilla,Mount Fortune,27,27,13,SSE,0.0,76,17,1014
2015-04-27,Anguilla,Mount Fortune,27,27,18,SE,0.0,78,23,1014
2015-04-28,Anguilla,Mount Fortune,27,26,25,E,1.0,78,49,1016
2015-04-29,Anguilla,Mount Fortune,27,26,19,SE,0.0,80,37,1015
2015-04-30,Anguilla,Mount Fortune,27,26,18,SE,0.0,80,22,1015
2015-05-01,Anguilla,Mount Fortune,27,26,21,ESE,0.0,79,41,1015
2015-05-02,Anguilla,Mount Fortune,27,26,23,ESE,0.4,76,43,1014
2015-05-03,Anguilla,Mount Fortune,27,27,22,ESE,0.1,75,24,1015
2015-05-04,Anguilla,Mount Fortune,28,27,23,E,0.1,77,34,1018
2015-05-05,Anguilla,Mount Fortune,27,26,25,E,0.0,76,49,1019
2015-05-06,Anguilla,Mount Fortune,27,26,26,E,0.3,76,71,1018
2015-05-07,Anguilla,Mount Fortune,27,26,24,ESE,0.2,76,60,1018
2015-05-08,Anguilla,Mount Fortune,27,26,24,E,0.3,75,47,1018
2015-05-09,Anguilla,Mount Fortune,27,26,27,E,0.4,75,34,1018
2015-05-10,Anguilla,Mount Fortune,27,26,28,E,0.8,76,42,1018
2015-05-11,Anguilla,Mount Fortune,27,27,30,E,0.2,74,47,1018
2015-05-12,Anguilla,Mount Fortune,27,27,29,E,0.9,75,46,1018
2015-05-13,Anguilla,Mount Fortune,27,27,27,E,0.9,75,37,1018
2015-05-14,Anguilla,Mount Fortune,27,26,18,E,2.3,75,33,1017
2015-05-15,Anguilla,Mount Fortune,27,26,16,ESE,3.0,76,29,1017
2015-05-16,Anguilla,Mount Fortune,27,26,18,E,4.9,76,27,1017
2015-05-17,Anguilla,Mount Fortune,27,27,17,E,0.2,74,47,1018
2015-05-18,Anguilla,Mount Fortune,27,27,15,E,0.2,72,20,1017
2015-05-19,Anguilla,Mount Fortune,27,27,11,ESE,5.8,74,41,1016
2015-05-20,Anguilla,Mount Fortune,28,27,14,ESE,0.8,77,30,1016
2015-05-21,Anguilla,Mount Fortune,28,27,20,ESE,0.1,76,27,1016
2015-05-22,Anguilla,Mount Fortune,28,27,22,E,0.4,78,42,1019
2015-05-23,Anguilla,Mount Fortune,28,27,23,E,0.6,75,44,1019
2015-05-24,Anguilla,Mount Fortune,27,27,22,E,0.8,74,30,1017
2015-05-25,Anguilla,Mount Fortune,27,27,19,E,6.1,74,23,1017
2015-05-26,Anguilla,Mount Fortune,27,27,13,ENE,4.4,70,30,1016
2015-05-27,Anguilla,Mount Fortune,27,26,9,ENE,0.0,67,31,1014
2015-05-28,Anguilla,Mount Fortune,28,27,18,ESE,1.1,73,32,1015
2015-05-29,Anguilla,Mount Fortune,28,27,19,ESE,10.0,78,34,1015
2015-05-30,Anguilla,Mount Fortune,28,28,17,ESE,18.2,78,53,1015
2015-05-31,Anguilla,Mount Fortune,28,28,23,ESE,2.1,78,48,1016
2015-06-01,Anguilla,Mount Fortune,28,27,21,ESE,5.5,77,43,1017
2015-06-02,Anguilla,Mount Fortune,28,27,15,ESE,3.6,77,37,1015
2015-06-03,Anguilla,Mount Fortune,27,27,13,ESE,5.3,77,33,1015
2015-06-04,Anguilla,Mount Fortune,28,27,16,ESE,0.6,76,21,1016
2015-06-05,Anguilla,Mount Fortune,28,27,21,ESE,3.4,77,51,1016
2015-06-06,Anguilla,Mount Fortune,28,28,25,ESE,0.6,76,61,1015
2015-06-07,Anguilla,Mount Fortune,28,28,24,ESE,0.4,76,52,1016
2015-06-08,Anguilla,Mount Fortune,28,28,21,E,0.5,74,31,1017
2015-06-09,Anguilla,Mount Fortune,28,27,18,E,0.2,75,31,1016
2015-06-10,Anguilla,Mount Fortune,28,27,23,E,0.9,74,27,1016
2015-06-11,Anguilla,Mount Fortune,28,27,22,ESE,1.1,74,37,1017
2015-06-12,Anguilla,Mount Fortune,28,28,25,E,0.4,78,43,1018
2015-06-13,Anguilla,Mount Fortune,28,27,26,E,0.5,78,40,1018
2015-06-14,Anguilla,Mount Fortune,28,27,26,E,0.2,76,33,1017
2015-06-15,Anguilla,Mount Fortune,28,27,22,E,0.0,76,18,1017
2015-06-16,Anguilla,Mount Fortune,28,27,22,E,0.0,76,45,1018
2015-06-17,Anguilla,Mount Fortune,28,28,23,E,2.4,82,47,1017
2015-06-18,Anguilla,Mount Fortune,28,28,22,E,0.5,79,39,1018
2015-06-19,Anguilla,Mount Fortune,28,27,20,E,0.2,76,50,1018
2015-06-20,Anguilla,Mount Fortune,28,27,21,E,1.8,76,34,1018
2015-06-21,Anguilla,Mount Fortune,27,27,25,E,2.3,76,42,1018
2015-06-22,Anguilla,Mount Fortune,28,27,30,E,8.4,79,53,1019
2015-06-23,Anguilla,Mount Fortune,28,28,30,E,0.5,76,45,1020
2015-06-24,Anguilla,Mount Fortune,28,27,28,E,0.1,76,73,1020
2015-06-25,Anguilla,Mount Fortune,27,27,26,E,0.3,74,46,1020
2015-06-26,Anguilla,Mount Fortune,28,27,26,E,0.5,79,39,1020
2015-06-27,Anguilla,Mount Fortune,28,28,28,E,0.9,79,43,1020
2015-06-28,Anguilla,Mount Fortune,28,27,28,E,0.3,78,54,1020
2015-06-29,Anguilla,Mount Fortune,28,27,31,E,0.6,75,55,1019
2015-06-30,Anguilla,Mount Fortune,27,27,28,E,1.5,79,40,1019
2015-07-01,Anguilla,Mount Fortune,28,28,28,E,0.6,76,50,1019
2015-07-02,Anguilla,Mount Fortune,28,27,26,E,0.5,76,65,1018
2015-07-03,Anguilla,Mount Fortune,28,27,30,E,0.3,78,62,1018
2015-07-04,Anguilla,Mount Fortune,28,28,30,E,0.5,75,67,1018
2015-07-05,Anguilla,Mount Fortune,28,27,28,ENE,0.7,78,50,1018
2015-07-06,Anguilla,Mount Fortune,28,27,23,E,0.7,78,43,1017
2015-07-07,Anguilla,Mount Fortune,28,27,26,E,0.3,77,35,1017
2015-07-08,Anguilla,Mount Fortune,28,28,24,ENE,1.2,78,57,1017
2015-07-09,Anguilla,Mount Fortune,28,27,21,E,0.4,76,38,1016
2015-07-10,Anguilla,Mount Fortune,28,27,20,E,0.5,76,23,1017
2015-07-11,Anguilla,Mount Fortune,28,27,24,ESE,1.0,77,38,1018
2015-07-12,Anguilla,Mount Fortune,28,28,26,E,1.3,76,45,1018
2015-07-13,Anguilla,Mount Fortune,28,27,26,E,0.7,76,50,1017
2015-07-14,Anguilla,Mount Fortune,28,27,26,E,0.5,80,58,1017
2015-07-15,Anguilla,Mount Fortune,28,28,29,E,0.8,77,52,1017
2015-07-16,Anguilla,Mount Fortune,28,28,29,E,0.8,78,23,1017
2015-07-17,Anguilla,Mount Fortune,28,27,17,E,0.4,76,31,1017
2015-07-18,Anguilla,Mount Fortune,28,27,17,E,3.3,74,22,1017
2015-07-19,Anguilla,Mount Fortune,28,27,21,E,0.8,73,29,1017
2015-07-20,Anguilla,Mount Fortune,28,27,22,E,1.4,79,68,1016
2015-07-21,Anguilla,Mount Fortune,28,28,24,ESE,0.9,79,53,1016
2015-07-22,Anguilla,Mount Fortune,28,28,20,ESE,4.5,82,47,1017
2015-07-23,Anguilla,Mount Fortune,28,28,22,E,0.2,79,45,1018
2015-07-24,Anguilla,Mount Fortune,28,28,19,E,0.3,75,58,1018
2015-07-25,Anguilla,Mount Fortune,28,27,21,ESE,0.2,77,46,1017
2015-07-26,Anguilla,Mount Fortune,28,27,23,E,0.2,78,45,1017
2015-07-27,Anguilla,Mount Fortune,28,27,25,E,0.2,78,46,1017
2015-07-28,Anguilla,Mount Fortune,28,28,22,E,0.2,78,48,1017
2015-07-29,Anguilla,Mount Fortune,28,28,21,E,0.3,77,52,1016
2015-07-30,Anguilla,Mount Fortune,28,28,24,E,0.2,80,28,1017
2015-07-31,Anguilla,Mount Fortune,28,28,25,E,0.0,78,41,1017
2015-08-01,Anguilla,Mount Fortune,28,28,23,ENE,0.7,76,44,1016
2015-08-02,Anguilla,Mount Fortune,28,27,25,E,38.3,79,40,1015
2015-08-03,Anguilla,Mount Fortune,29,28,28,E,0.2,76,54,1016
2015-08-04,Anguilla,Mount Fortune,28,28,23,E,0.9,77,36,1017
2015-08-05,Anguilla,Mount Fortune,28,28,20,E,0.1,75,25,1016
2015-08-06,Anguilla,Mount Fortune,28,28,18,E,5.3,74,27,1015
2015-08-07,Anguilla,Mount Fortune,28,28,23,ESE,5.8,79,55,1014
2015-08-08,Anguilla,Mount Fortune,29,28,24,ESE,4.7,77,31,1015
2015-08-09,Anguilla,Mount Fortune,29,28,22,E,0.5,76,38,1015
2015-08-10,Anguilla,Mount Fortune,28,28,21,E,0.3,75,34,1015
2015-08-11,Anguilla,Mount Fortune,29,28,24,E,0.6,76,42,1016
2015-08-12,Anguilla,Mount Fortune,28,28,21,E,2.2,75,30,1015
2015-08-13,Anguilla,Mount Fortune,28,28,20,E,7.3,74,28,1015
2015-08-14,Anguilla,Mount Fortune,28,28,23,E,2.3,76,36,1016
2015-08-15,Anguilla,Mount Fortune,29,28,21,ESE,29.4,77,22,1016
2015-08-16,Anguilla,Mount Fortune,28,28,20,E,9.6,76,38,1016
2015-08-17,Anguilla,Mount Fortune,28,27,19,E,2.4,76,36,1016
2015-08-18,Anguilla,Mount Fortune,28,27,18,E,0.5,77,17,1016
2015-08-19,Anguilla,Mount Fortune,28,28,20,E,0.3,78,19,1016
2015-08-20,Anguilla,Mount Fortune,28,28,21,ENE,0.6,81,33,1015
2015-08-21,Anguilla,Mount Fortune,28,28,18,ESE,15.5,81,30,1015
2015-08-22,Anguilla,Mount Fortune,28,27,16,E,0.0,78,32,1014
2015-08-23,Anguilla,Mount Fortune,28,28,22,E,0.0,79,31,1013
2015-08-24,Anguilla,Mount Fortune,28,28,28,E,6.0,81,49,1013
2015-08-25,Anguilla,Mount Fortune,29,29,25,E,2.1,81,48,1014
2015-08-26,Anguilla,Mount Fortune,29,29,30,ENE,1.5,81,45,1013
2015-08-27,Anguilla,Mount Fortune,28,27,45,E,11.9,78,67,1011
2015-08-28,Anguilla,Mount Fortune,29,28,25,E,5.4,78,51,1016
2015-08-29,Anguilla,Mount Fortune,29,28,25,E,1.4,79,41,1016
2015-08-30,Anguilla,Mount Fortune,29,28,20,E,5.9,81,31,1016
2015-08-31,Anguilla,Mount Fortune,29,28,22,ENE,0.4,79,38,1016
2015-09-01,Anguilla,Mount Fortune,29,28,22,E,3.3,77,64,1014
2015-09-02,Anguilla,Mount Fortune,28,28,14,ESE,0.3,81,30,1015
2015-09-03,Anguilla,Mount Fortune,28,28,7,E,0.0,73,27,1014
2015-09-04,Anguilla,Mount Fortune,29,28,17,ESE,1.0,76,46,1014
2015-09-05,Anguilla,Mount Fortune,29,28,21,ESE,2.3,78,61,1014
2015-09-06,Anguilla,Mount Fortune,29,28,22,ESE,1.8,76,62,1015
2015-09-07,Anguilla,Mount Fortune,29,29,23,E,0.2,75,41,1015
2015-09-08,Anguilla,Mount Fortune,29,28,21,E,2.9,75,39,1014
2015-09-09,Anguilla,Mount Fortune,29,29,20,E,0.4,77,42,1014
2015-09-10,Anguilla,Mount Fortune,29,28,20,E,0.4,78,34,1014
2015-09-11,Anguilla,Mount Fortune,29,29,33,E,32.4,79,46,1014
2015-09-12,Anguilla,Mount Fortune,29,29,27,E,0.3,78,60,1016
2015-09-13,Anguilla,Mount Fortune,29,28,24,E,0.1,77,46,1016
2015-09-14,Anguilla,Mount Fortune,29,28,24,E,0.4,77,47,1016
2015-09-15,Anguilla,Mount Fortune,29,28,27,ESE,3.0,78,31,1016
2015-09-16,Anguilla,Mount Fortune,29,28,19,ESE,1.3,77,53,1014
2015-09-17,Anguilla,Mount Fortune,29,28,19,ESE,3.2,78,57,1013
2015-09-18,Anguilla,Mount Fortune,29,28,22,ESE,3.7,78,56,1013
2015-09-19,Anguilla,Mount Fortune,29,28,25,ESE,4.8,78,61,1013
2015-09-20,Anguilla,Mount Fortune,29,28,16,ESE,0.5,73,59,1013
2015-09-21,Anguilla,Mount Fortune,29,28,12,ESE,4.7,72,41,1012
2015-09-22,Anguilla,Mount Fortune,29,28,11,E,8.7,71,33,1012
2015-09-23,Anguilla,Mount Fortune,29,29,12,ESE,2.8,71,42,1012
2015-09-24,Anguilla,Mount Fortune,29,28,11,E,0.0,70,39,1012
2015-09-25,Anguilla,Mount Fortune,30,29,11,SE,0.0,67,29,1013
2015-09-26,Anguilla,Mount Fortune,29,29,9,ESE,0.0,66,18,1013
2015-09-27,Anguilla,Mount Fortune,30,29,10,E,0.5,70,47,1014
2015-09-28,Anguilla,Mount Fortune,30,29,12,E,0.1,66,49,1012
2015-09-29,Anguilla,Mount Fortune,30,29,10,ESE,0.5,67,45,1011
2015-09-30,Anguilla,Mount Fortune,29,29,9,SSE,0.7,69,43,1009
2015-10-01,Anguilla,Mount Fortune,29,29,12,S,1.7,72,36,1009
2015-10-02,Anguilla,Mount Fortune,30,29,21,S,8.6,76,32,1010
2015-10-03,Anguilla,Mount Fortune,30,30,22,SSE,10.5,75,38,1011
2015-10-04,Anguilla,Mount Fortune,30,29,17,SSE,0.0,77,45,1013
2015-10-05,Anguilla,Mount Fortune,29,29,19,ESE,2.2,78,26,1015
2015-10-06,Anguilla,Mount Fortune,30,29,23,ESE,1.4,77,44,1015
2015-10-07,Anguilla,Mount Fortune,29,29,23,E,0.9,78,46,1014
2015-10-08,Anguilla,Mount Fortune,29,28,23,ESE,17.8,77,69,1014
2015-10-09,Anguilla,Mount Fortune,30,29,23,ESE,3.2,78,55,1015
2015-10-10,Anguilla,Mount Fortune,30,29,25,E,1.1,78,45,1015
2015-10-11,Anguilla,Mount Fortune,29,29,24,E,0.7,77,45,1014
2015-10-12,Anguilla,Mount Fortune,29,29,26,E,5.6,76,42,1014
2015-10-13,Anguilla,Mount Fortune,29,29,26,E,5.1,76,48,1015
2015-10-14,Anguilla,Mount Fortune,29,29,19,E,0.4,77,38,1015
2015-10-15,Anguilla,Mount Fortune,29,28,15,E,6.8,74,41,1014
2015-10-16,Anguilla,Mount Fortune,29,28,21,E,9.5,76,34,1013
2015-10-17,Anguilla,Mount Fortune,29,28,16,ESE,15.9,73,28,1014
2015-10-18,Anguilla,Mount Fortune,29,28,8,SSE,4.5,70,33,1014
2015-10-19,Anguilla,Mount Fortune,28,28,4,S,4.7,70,20,1014
2015-10-20,Anguilla,Mount Fortune,29,28,10,ESE,5.4,71,23,1014
2015-10-21,Anguilla,Mount Fortune,29,29,15,ESE,1.6,75,42,1014
2015-10-22,Anguilla,Mount Fortune,29,29,14,ESE,1.8,75,44,1012
2015-10-23,Anguilla,Mount Fortune,28,28,15,SE,0.4,74,63,1011
2015-10-24,Anguilla,Mount Fortune,28,28,21,E,0.8,76,58,1013
2015-10-25,Anguilla,Mount Fortune,29,28,8,ESE,2.2,70,46,1013
2015-10-26,Anguilla,Mount Fortune,29,28,14,E,17.8,70,49,1015
2015-10-27,Anguilla,Mount Fortune,29,29,13,E,2.6,70,33,1015
2015-10-28,Anguilla,Mount Fortune,29,29,18,E,4.2,75,41,1014
2015-10-29,Anguilla,Mount Fortune,28,28,19,E,0.5,77,49,1013
2015-10-30,Anguilla,Mount Fortune,29,28,19,E,2.6,77,37,1013
2015-10-31,Anguilla,Mount Fortune,29,28,21,ENE,4.5,78,41,1014
2015-11-01,Anguilla,Mount Fortune,29,28,19,E,17.1,75,14,1013
2015-11-02,Anguilla,Mount Fortune,29,28,28,E,17.4,76,38,1013
2015-11-03,Anguilla,Mount Fortune,29,28,26,E,2.7,76,42,1014
2015-11-04,Anguilla,Mount Fortune,28,28,23,ENE,1.4,77,49,1014
2015-11-05,Anguilla,Mount Fortune,28,28,22,E,6.0,76,38,1014
2015-11-06,Anguilla,Mount Fortune,29,28,27,E,6.4,73,39,1015
2015-11-07,Anguilla,Mount Fortune,28,28,33,E,48.6,76,54,1015
2015-11-08,Anguilla,Mount Fortune,29,29,27,E,4.8,76,43,1016
2015-11-09,Anguilla,Mount Fortune,29,28,28,E,3.4,76,35,1017
2015-11-10,Anguilla,Mount Fortune,28,28,25,E,0.2,77,36,1016
2015-11-11,Anguilla,Mount Fortune,28,28,18,E,5.6,77,36,1015
2015-11-12,Anguilla,Mount Fortune,28,27,17,E,0.4,75,40,1014
2015-11-13,Anguilla,Mount Fortune,28,28,22,ENE,0.5,76,47,1014
2015-11-14,Anguilla,Mount Fortune,28,28,20,ESE,3.1,75,44,1015
2015-11-15,Anguilla,Mount Fortune,28,27,23,E,6.1,74,26,1016
2015-11-16,Anguilla,Mount Fortune,28,27,26,E,9.7,75,33,1015
2015-11-17,Anguilla,Mount Fortune,28,28,25,E,7.1,76,41,1013
2015-11-18,Anguilla,Mount Fortune,28,27,18,E,9.2,73,37,1013
2015-11-19,Anguilla,Mount Fortune,27,27,21,NE,11.9,74,31,1012
2015-11-20,Anguilla,Mount Fortune,27,26,21,NE,1.3,67,21,1012
2015-11-21,Anguilla,Mount Fortune,27,26,20,ENE,2.6,69,41,1013
2015-11-22,Anguilla,Mount Fortune,27,27,21,ESE,0.5,73,29,1014
2015-11-23,Anguilla,Mount Fortune,28,27,18,ESE,22.3,75,31,1013
2015-11-24,Anguilla,Mount Fortune,28,27,13,ESE,6.0,68,44,1013
2015-11-25,Anguilla,Mount Fortune,28,27,16,ESE,8.1,74,33,1014
2015-11-26,Anguilla,Mount Fortune,28,27,17,E,6.6,76,39,1015
2015-11-27,Anguilla,Mount Fortune,28,27,19,ESE,6.6,77,34,1013
2015-11-28,Anguilla,Mount Fortune,28,27,24,ESE,18.6,76,31,1014
2015-11-29,Anguilla,Mount Fortune,28,28,25,ESE,4.8,75,30,1013
2015-11-30,Anguilla,Mount Fortune,28,28,24,ESE,6.7,77,47,1013
2015-12-01,Anguilla,Mount Fortune,28,28,24,E,21.1,78,43,1014
2015-12-02,Anguilla,Mount Fortune,28,28,26,ESE,7.1,78,45,1016
2015-12-03,Anguilla,Mount Fortune,28,28,31,E,0.0,75,34,1018
2015-12-04,Anguilla,Mount Fortune,28,27,28,E,9.0,76,39,1018
2015-12-05,Anguilla,Mount Fortune,28,27,29,E,6.4,76,37,1019
2015-12-06,Anguilla,Mount Fortune,27,27,28,E,12.9,75,41,1018
2015-12-07,Anguilla,Mount Fortune,27,27,25,E,9.9,75,33,1016
2015-12-08,Anguilla,Mount Fortune,27,27,21,ESE,0.0,77,40,1016
2015-12-09,Anguilla,Mount Fortune,27,27,23,ESE,0.9,76,42,1016
2015-12-10,Anguilla,Mount Fortune,28,27,24,ESE,0.3,76,38,1016
2015-12-11,Anguilla,Mount Fortune,27,27,22,ESE,0.1,74,32,1017
2015-12-12,Anguilla,Mount Fortune,27,27,21,E,1.2,74,39,1016
2015-12-13,Anguilla,Mount Fortune,27,26,20,E,1.9,74,32,1015
2015-12-14,Anguilla,Mount Fortune,27,26,21,E,6.3,75,34,1014
2015-12-15,Anguilla,Mount Fortune,27,26,20,E,0.7,75,31,1014
2015-12-16,Anguilla,Mount Fortune,27,26,18,E,0.0,73,21,1014
2015-12-17,Anguilla,Mount Fortune,27,26,23,E,3.5,75,33,1015
2015-12-18,Anguilla,Mount Fortune,26,26,25,ENE,0.6,74,54,1015
2015-12-19,Anguilla,Mount Fortune,26,26,23,E,0.9,74,54,1015
2015-12-20,Anguilla,Mount Fortune,27,26,24,E,0.7,75,50,1015
2015-12-21,Anguilla,Mount Fortune,27,27,34,E,0.6,74,28,1019
2015-12-22,Anguilla,Mount Fortune,27,27,34,E,0.8,74,50,1018
2015-12-23,Anguilla,Mount Fortune,27,27,31,E,1.2,75,36,1018
2015-12-24,Anguilla,Mount Fortune,27,27,34,E,3.0,76,37,1019
2015-12-25,Anguilla,Mount Fortune,27,27,34,ENE,2.8,75,31,1019
2015-12-26,Anguilla,Mount Fortune,27,26,32,E,6.2,75,36,1018
2015-12-27,Anguilla,Mount Fortune,27,26,29,E,0.7,74,44,1016
2015-12-28,Anguilla,Mount Fortune,26,26,25,E,0.9,75,52,1016
2015-12-29,Anguilla,Mount Fortune,27,26,29,E,1.1,75,44,1020
2015-12-30,Anguilla,Mount Fortune,27,27,36,E,5.3,74,34,1021
2015-12-31,Anguilla,Mount Fortune,27,26,33,E,6.4,74,37,1019
2016-01-01,Anguilla,Mount Fortune,27,26,27,E,1.0,72,24,1018
2016-01-02,Anguilla,Mount Fortune,27,26,24,E,0.5,74,27,1017
2016-01-03,Anguilla,Mount Fortune,27,26,27,ESE,2.0,75,33,1017
2016-01-04,Anguilla,Mount Fortune,26,26,26,E,0.8,76,63,1017
2016-01-05,Anguilla,Mount Fortune,26,26,19,ESE,1.6,77,30,1017
2016-01-06,Anguilla,Mount Fortune,27,26,25,ESE,1.9,76,38,1017
2016-01-07,Anguilla,Mount Fortune,26,26,25,ESE,5.5,76,34,1016
2016-01-08,Anguilla,Mount Fortune,26,26,17,ESE,10.8,77,25,1014
2016-01-09,Anguilla,Mount Fortune,27,26,7,ESE,1.9,73,32,1014
2016-01-10,Anguilla,Mount Fortune,26,26,9,ENE,1.3,74,38,1015
2016-01-11,Anguilla,Mount Fortune,26,26,15,NE,1.8,75,63,1016
2016-01-12,Anguilla,Mount Fortune,26,26,19,ENE,0.9,74,49,1016
2016-01-13,Anguilla,Mount Fortune,26,25,18,ENE,0.0,65,39,1016
2016-01-14,Anguilla,Mount Fortune,26,26,20,ENE,2.4,70,72,1016
2016-01-15,Anguilla,Mount Fortune,26,25,23,E,0.8,70,17,1016
2016-01-16,Anguilla,Mount Fortune,26,26,19,E,0.9,73,40,1015
2016-01-17,Anguilla,Mount Fortune,27,26,22,ESE,1.5,75,34,1016
2016-01-18,Anguilla,Mount Fortune,27,26,15,E,0.6,74,55,1016
2016-01-19,Anguilla,Mount Fortune,26,26,15,E,1.0,74,30,1017
2016-01-20,Anguilla,Mount Fortune,26,26,18,E,0.6,72,33,1016
2016-01-21,Anguilla,Mount Fortune,26,26,17,E,0.4,74,33,1017
2016-01-22,Anguilla,Mount Fortune,26,26,22,ESE,1.4,74,31,1017
2016-01-23,Anguilla,Mount Fortune,26,26,27,SE,0.1,73,34,1017
2016-01-24,Anguilla,Mount Fortune,27,26,21,ESE,0.0,74,24,1016
2016-01-25,Anguilla,Mount Fortune,27,26,21,E,1.8,73,17,1019
2016-01-26,Anguilla,Mount Fortune,27,26,27,E,2.5,73,22,1020
2016-01-27,Anguilla,Mount Fortune,26,26,30,E,0.8,71,29,1019
2016-01-28,Anguilla,Mount Fortune,26,26,27,E,2.5,74,36,1018
2016-01-29,Anguilla,Mount Fortune,26,26,22,ESE,9.5,77,40,1016
2016-01-30,Anguilla,Mount Fortune,26,26,21,ESE,7.8,76,25,1017
2016-01-31,Anguilla,Mount Fortune,26,26,22,E,4.4,74,26,1017
2016-02-01,Anguilla,Mount Fortune,26,26,20,E,1.0,73,28,1016
2016-02-02,Anguilla,Mount Fortune,26,26,11,E,0.0,68,27,1016
2016-02-03,Anguilla,Mount Fortune,26,25,17,NNE,0.3,72,42,1014
2016-02-04,Anguilla,Mount Fortune,25,25,19,S,1.5,68,39,1013
2016-02-05,Anguilla,Mount Fortune,26,25,14,S,4.9,68,27,1015
2016-02-06,Anguilla,Mount Fortune,27,26,23,SE,3.1,73,18,1018
2016-02-07,Anguilla,Mount Fortune,27,26,24,ESE,1.8,77,43,1017
2016-02-08,Anguilla,Mount Fortune,26,26,22,ESE,0.5,79,41,1017
2016-02-09,Anguilla,Mount Fortune,26,26,24,ESE,1.4,79,47,1018
2016-02-10,Anguilla,Mount Fortune,27,26,25,ESE,0.6,74,28,1019
2016-02-11,Anguilla,Mount Fortune,26,26,22,E,3.4,74,42,1019
2016-02-12,Anguilla,Mount Fortune,26,25,23,E,1.0,74,27,1019
2016-02-13,Anguilla,Mount Fortune,26,25,20,ESE,1.0,72,20,1017
2016-02-14,Anguilla,Mount Fortune,26,26,22,ESE,15.6,74,24,1015
2016-02-15,Anguilla,Mount Fortune,26,26,30,E,3.0,76,41,1016
2016-02-16,Anguilla,Mount Fortune,27,26,31,E,2.0,77,33,1015
2016-02-17,Anguilla,Mount Fortune,27,26,26,E,4.3,78,39,1016
2016-02-18,Anguilla,Mount Fortune,26,26,22,ESE,1.0,79,40,1016
2016-02-19,Anguilla,Mount Fortune,26,26,11,SSE,19.4,76,20,1015
2016-02-20,Anguilla,Mount Fortune,26,25,20,NNE,10.4,78,35,1014
2016-02-21,Anguilla,Mount Fortune,26,25,9,ESE,3.3,73,31,1013
2016-02-22,Anguilla,Mount Fortune,26,26,15,ESE,2.2,74,28,1014
2016-02-23,Anguilla,Mount Fortune,26,26,23,ESE,0.3,76,37,1016
2016-02-24,Anguilla,Mount Fortune,27,26,27,E,0.3,77,35,1017
2016-02-25,Anguilla,Mount Fortune,26,26,26,E,1.5,76,35,1017
2016-02-26,Anguilla,Mount Fortune,26,26,21,E,0.7,74,30,1017
2016-02-27,Anguilla,Mount Fortune,26,26,20,E,2.3,74,24,1016
2016-02-28,Anguilla,Mount Fortune,26,26,17,E,3.5,74,21,1016
2016-03-01,Anguilla,Mount Fortune,26,26,22,ENE,0.6,76,41,1017
2016-03-02,Anguilla,Mount Fortune,26,25,25,ENE,5.1,79,45,1017
2016-03-03,Anguilla,Mount Fortune,26,25,24,ENE,2.0,77,49,1015
2016-03-04,Anguilla,Mount Fortune,26,25,27,E,3.5,78,58,1016
2016-03-05,Anguilla,Mount Fortune,26,26,17,E,2.0,77,28,1015
2016-03-06,Anguilla,Mount Fortune,26,26,13,ESE,0.6,73,33,1016
2016-03-07,Anguilla,Mount Fortune,26,26,9,S,0.5,72,44,1016
2016-03-08,Anguilla,Mount Fortune,26,25,29,NNE,10.8,79,52,1016
2016-03-09,Anguilla,Mount Fortune,25,25,34,NE,0.9,70,30,1018
2016-03-10,Anguilla,Mount Fortune,25,25,29,NE,1.0,66,21,1019
2016-03-11,Anguilla,Mount Fortune,26,24,32,ENE,2.5,71,27,1018
2016-03-12,Anguilla,Mount Fortune,26,25,33,ENE,10.8,77,50,1018
2016-03-13,Anguilla,Mount Fortune,26,26,28,ENE,3.6,80,56,1017
2016-03-14,Anguilla,Mount Fortune,26,25,27,ENE,5.7,81,59,1017
2016-03-15,Anguilla,Mount Fortune,26,25,21,E,0.1,79,62,1016
2016-03-16,Anguilla,Mount Fortune,26,25,16,ENE,0.2,72,38,1016
2016-03-17,Anguilla,Mount Fortune,26,25,14,ENE,0.0,68,24,1016
2016-03-18,Anguilla,Mount Fortune,26,25,19,E,0.1,70,27,1016
2016-03-19,Anguilla,Mount Fortune,27,25,21,E,0.3,72,19,1017
2016-03-20,Anguilla,Mount Fortune,27,26,26,ESE,1.2,76,36,1017
2016-03-21,Anguilla,Mount Fortune,27,26,26,ESE,0.8,76,27,1018
2016-03-22,Anguilla,Mount Fortune,27,26,23,E,0.5,74,25,1019
2016-03-23,Anguilla,Mount Fortune,27,26,29,E,2.0,77,40,1019
2016-03-24,Anguilla,Mount Fortune,26,26,29,E,2.2,77,45,1018
2016-03-25,Anguilla,Mount Fortune,26,26,33,E,1.0,75,38,1018
2016-03-26,Anguilla,Mount Fortune,26,26,35,E,1.2,76,44,1020
2016-03-27,Anguilla,Mount Fortune,26,26,33,E,1.9,74,29,1020
2016-03-28,Anguilla,Mount Fortune,26,25,29,E,1.1,72,25,1019
2016-03-29,Anguilla,Mount Fortune,26,25,28,E,6.4,75,26,1018
2016-03-30,Anguilla,Mount Fortune,26,26,30,E,0.4,75,44,1018
2016-03-31,Anguilla,Mount Fortune,26,26,33,E,0.8,76,49,1018
2016-04-01,Anguilla,Mount Fortune,26,26,27,E,10.8,79,51,1017
2016-04-02,Anguilla,Mount Fortune,26,26,26,E,10.3,78,49,1016
2016-04-03,Anguilla,Mount Fortune,26,26,19,E,2.6,77,31,1016
2016-04-04,Anguilla,Mount Fortune,27,26,21,E,2.7,76,33,1017
2016-04-05,Anguilla,Mount Fortune,26,26,14,ESE,0.2,74,25,1016
2016-04-06,Anguilla,Mount Fortune,27,26,12,ESE,5.4,73,29,1015
2016-04-07,Anguilla,Mount Fortune,27,26,17,ESE,13.2,77,21,1015
2016-04-08,Anguilla,Mount Fortune,27,26,20,ESE,1.0,77,42,1015
2016-04-09,Anguilla,Mount Fortune,27,26,24,E,1.2,75,34,1015
2016-04-10,Anguilla,Mount Fortune,27,26,19,E,1.7,76,35,1015
2016-04-11,Anguilla,Mount Fortune,27,26,23,E,4.0,77,30,1015
2016-04-12,Anguilla,Mount Fortune,26,26,18,ESE,12.8,75,31,1014
2016-04-13,Anguilla,Mount Fortune,26,25,21,ESE,2.3,77,57,1015
2016-04-14,Anguilla,Mount Fortune,26,25,21,ESE,2.3,77,55,1015
2016-04-15,Anguilla,Mount Fortune,26,26,23,E,1.5,77,56,1015
2016-04-16,Anguilla,Mount Fortune,26,25,25,ENE,1.1,77,68,1016
2016-04-17,Anguilla,Mount Fortune,26,25,25,E,2.2,76,57,1016
2016-04-18,Anguilla,Mount Fortune,26,25,24,E,1.3,76,60,1016
2016-04-19,Anguilla,Mount Fortune,26,25,23,E,0.6,76,68,1016
2016-04-20,Anguilla,Mount Fortune,26,25,21,E,0.4,76,54,1015
2016-04-21,Anguilla,Mount Fortune,27,26,24,NE,0.9,71,50,1015
2016-04-22,Anguilla,Mount Fortune,27,27,25,ENE,22.3,80,47,1016
2016-04-23,Anguilla,Mount Fortune,28,27,22,ESE,15.1,83,43,1014
2016-04-24,Anguilla,Mount Fortune,27,27,16,SSE,0.4,83,59,1013
2016-04-25,Anguilla,Mount Fortune,27,27,9,ESE,0.0,81,33,1012
2016-04-26,Anguilla,Mount Fortune,27,27,16,E,3.2,83,51,1011
2016-04-27,Anguilla,Mount Fortune,27,27,24,ESE,11.9,80,42,1013
2016-04-28,Anguilla,Mount Fortune,28,27,25,ESE,26.9,81,37,1014
2016-04-29,Anguilla,Mount Fortune,28,27,19,ESE,4.6,78,37,1014
2016-04-30,Anguilla,Mount Fortune,27,27,21,ESE,27.2,77,49,1014
2016-05-01,Anguilla,Mount Fortune,27,27,21,ESE,35.1,76,34,1015
2016-05-02,Anguilla,Mount Fortune,27,26,21,E,28.5,74,46,1016
2016-05-03,Anguilla,Mount Fortune,27,27,22,E,45.5,76,29,1016
2016-05-04,Anguilla,Mount Fortune,27,27,22,E,7.0,79,42,1015
2016-05-05,Anguilla,Mount Fortune,28,27,25,ESE,3.8,79,47,1015
2016-05-06,Anguilla,Mount Fortune,28,27,25,SE,19.0,81,30,1014
2016-05-07,Anguilla,Mount Fortune,28,27,24,SE,4.1,83,30,1014
2016-05-08,Anguilla,Mount Fortune,27,27,17,ESE,9.2,79,21,1015
2016-05-09,Anguilla,Mount Fortune,28,27,29,E,19.5,77,47,1016
2016-05-10,Anguilla,Mount Fortune,27,27,26,E,1.4,74,31,1017
2016-05-11,Anguilla,Mount Fortune,27,27,26,E,0.6,74,38,1017
2016-05-12,Anguilla,Mount Fortune,27,27,24,E,11.4,78,51,1016
2016-05-13,Anguilla,Mount Fortune,27,27,22,E,2.0,79,34,1017
2016-05-14,Anguilla,Mount Fortune,27,27,25,E,0.4,79,42,1017
2016-05-15,Anguilla,Mount Fortune,27,27,25,E,0.0,77,44,1018
2016-05-16,Anguilla,Mount Fortune,27,27,27,E,0.5,80,48,1018
2016-05-17,Anguilla,Mount Fortune,28,27,27,E,1.1,79,42,1018
2016-05-18,Anguilla,Mount Fortune,27,27,30,E,0.3,79,44,1018
2016-05-19,Anguilla,Mount Fortune,27,27,24,E,1.9,79,57,1016
2016-05-20,Anguilla,Mount Fortune,27,27,23,E,1.3,79,57,1016
2016-05-21,Anguilla,Mount Fortune,27,27,23,E,0.9,79,57,1016
2016-05-22,Anguilla,Mount Fortune,28,27,25,ESE,1.1,81,44,1017
2016-05-23,Anguilla,Mount Fortune,28,28,26,ESE,0.1,81,33,1018
2016-05-24,Anguilla,Mount Fortune,28,27,25,E,1.3,78,36,1019
2016-05-25,Anguilla,Mount Fortune,27,27,22,E,1.3,75,31,1018
2016-05-26,Anguilla,Mount Fortune,27,27,24,E,2.0,75,30,1015
2016-05-27,Anguilla,Mount Fortune,28,27,24,ESE,11.6,78,37,1015
2016-05-28,Anguilla,Mount Fortune,28,27,23,ESE,9.5,80,44,1016
2016-05-29,Anguilla,Mount Fortune,28,27,20,E,7.3,80,35,1016
2016-05-30,Anguilla,Mount Fortune,28,27,23,ESE,9.0,79,32,1015
2016-05-31,Anguilla,Mount Fortune,28,27,21,E,0.8,78,59,1016
2016-06-01,Anguilla,Mount Fortune,28,27,29,E,3.0,80,63,1017
2016-06-02,Anguilla,Mount Fortune,28,28,27,E,7.4,82,47,1017
2016-06-03,Anguilla,Mount Fortune,28,28,26,E,0.8,82,50,1017
2016-06-04,Anguilla,Mount Fortune,28,27,25,E,0.2,80,34,1016
2016-06-05,Anguilla,Mount Fortune,28,27,24,E,0.6,79,44,1016
2016-06-06,Anguilla,Mount Fortune,28,28,24,E,0.9,80,50,1017
2016-06-07,Anguilla,Mount Fortune,28,28,26,ESE,8.5,81,47,1017
2016-06-08,Anguilla,Mount Fortune,28,28,24,ESE,0.1,82,45,1018
2016-06-09,Anguilla,Mount Fortune,28,27,21,E,0.1,83,59,1019
2016-06-10,Anguilla,Mount Fortune,28,27,22,E,0.1,80,44,1019
2016-06-11,Anguilla,Mount Fortune,28,27,17,ESE,0.5,77,26,1019
2016-06-12,Anguilla,Mount Fortune,28,27,20,ESE,0.2,78,42,1019
2016-06-13,Anguilla,Mount Fortune,28,28,24,ESE,0.1,81,48,1018
2016-06-14,Anguilla,Mount Fortune,28,28,23,ESE,0.2,80,44,1020
2016-06-15,Anguilla,Mount Fortune,28,27,23,E,0.3,78,35,1019
2016-06-16,Anguilla,Mount Fortune,28,27,22,E,0.7,77,47,1017
2016-06-17,Anguilla,Mount Fortune,28,27,18,E,1.2,76,16,1017
2016-06-18,Anguilla,Mount Fortune,28,27,23,E,0.5,77,38,1017
2016-06-19,Anguilla,Mount Fortune,29,28,29,E,0.5,80,43,1017
2016-06-20,Anguilla,Mount Fortune,28,28,31,E,0.8,79,55,1018
2016-06-21,Anguilla,Mount Fortune,28,28,30,E,12.7,76,36,1017
2016-06-22,Anguilla,Mount Fortune,28,28,28,E,8.1,76,37,1018
2016-06-23,Anguilla,Mount Fortune,28,27,24,E,2.2,77,46,1018
2016-06-24,Anguilla,Mount Fortune,28,28,24,E,0.2,78,43,1018
2016-06-25,Anguilla,Mount Fortune,28,28,22,E,0.4,80,41,1017
2016-06-26,Anguilla,Mount Fortune,27,27,18,E,1.6,77,32,1017
2016-06-27,Anguilla,Mount Fortune,28,27,20,E,0.3,76,30,1017
2016-06-28,Anguilla,Mount Fortune,28,27,22,ESE,1.6,76,33,1017
2016-06-29,Anguilla,Mount Fortune,28,28,27,E,0.7,77,37,1017
2016-06-30,Anguilla,Mount Fortune,28,28,27,E,4.0,77,51,1018
2016-07-01,Anguilla,Mount Fortune,28,28,29,E,4.4,81,54,1018
2016-07-02,Anguilla,Mount Fortune,28,28,28,E,11.2,80,33,1019
2016-07-03,Anguilla,Mount Fortune,28,28,28,E,0.8,79,32,1020
2016-07-04,Anguilla,Mount Fortune,28,28,29,ENE,2.1,80,46,1019
2016-07-05,Anguilla,Mount Fortune,28,28,26,E,3.8,83,46,1019
2016-07-06,Anguilla,Mount Fortune,29,28,24,ENE,0.2,82,36,1019
2016-07-07,Anguilla,Mount Fortune,28,28,22,ENE,0.4,78,40,1018
2016-07-08,Anguilla,Mount Fortune,28,27,21,E,0.6,76,38,1018
2016-07-09,Anguilla,Mount Fortune,28,28,28,E,5.3,78,45,1018
2016-07-10,Anguilla,Mount Fortune,29,28,27,E,0.2,81,37,1019
2016-07-11,Anguilla,Mount Fortune,29,28,24,ENE,0.4,81,45,1018
2016-07-12,Anguilla,Mount Fortune,28,28,23,ENE,2.6,78,34,1016
2016-07-13,Anguilla,Mount Fortune,28,28,21,E,8.1,78,31,1016
2016-07-14,Anguilla,Mount Fortune,28,28,24,E,9.8,76,32,1016
2016-07-15,Anguilla,Mount Fortune,29,28,24,E,3.0,78,45,1016
2016-07-16,Anguilla,Mount Fortune,29,28,23,E,0.7,80,43,1016
2016-07-17,Anguilla,Mount Fortune,28,28,21,ENE,0.4,79,37,1017
2016-07-18,Anguilla,Mount Fortune,28,28,27,E,2.5,79,57,1017
2016-07-19,Anguilla,Mount Fortune,28,28,26,E,3.4,79,58,1017
2016-07-20,Anguilla,Mount Fortune,28,28,26,E,3.7,79,60,1016
2016-07-21,Anguilla,Mount Fortune,28,28,25,E,2.3,79,57,1016
2016-07-22,Anguilla,Mount Fortune,28,28,25,E,2.2,80,75,1017
2016-07-23,Anguilla,Mount Fortune,28,28,25,E,0.4,79,58,1017
2016-07-24,Anguilla,Mount Fortune,28,28,24,E,0.6,78,55,1017
2016-07-25,Anguilla,Mount Fortune,28,28,22,E,1.4,78,52,1017
2016-07-26,Anguilla,Mount Fortune,28,28,24,E,0.7,78,53,1017
2016-07-27,Anguilla,Mount Fortune,28,28,23,E,0.7,78,48,1016
2016-07-28,Anguilla,Mount Fortune,28,28,17,ENE,7.6,76,23,1016
2016-07-29,Anguilla,Mount Fortune,29,28,28,E,2.4,77,43,1016
2016-07-30,Anguilla,Mount Fortune,29,29,32,ENE,27.5,76,41,1015
2016-07-31,Anguilla,Mount Fortune,29,29,36,E,31.0,77,46,1014
2016-08-01,Anguilla,Mount Fortune,29,28,27,E,1.3,80,48,1016
2016-08-02,Anguilla,Mount Fortune,28,27,19,ENE,0.3,79,40,1016
2016-08-03,Anguilla,Mount Fortune,29,28,23,E,0.2,78,41,1016
2016-08-04,Anguilla,Mount Fortune,29,28,28,ENE,2.5,80,57,1016
2016-08-05,Anguilla,Mount Fortune,29,29,28,E,30.3,80,45,1015
2016-08-06,Anguilla,Mount Fortune,29,29,20,ESE,2.9,80,29,1015
2016-08-07,Anguilla,Mount Fortune,29,28,17,ESE,0.5,83,37,1017
2016-08-08,Anguilla,Mount Fortune,29,28,20,E,0.4,81,42,1016
2016-08-09,Anguilla,Mount Fortune,28,28,20,E,11.9,77,36,1016
2016-08-10,Anguilla,Mount Fortune,29,28,23,E,6.4,76,37,1016
2016-08-11,Anguilla,Mount Fortune,29,28,22,ENE,1.1,77,49,1016
2016-08-12,Anguilla,Mount Fortune,28,28,16,E,0.1,76,29,1015
2016-08-13,Anguilla,Mount Fortune,28,28,20,E,5.7,78,25,1015
2016-08-14,Anguilla,Mount Fortune,29,28,22,E,9.8,78,33,1016
2016-08-15,Anguilla,Mount Fortune,29,28,21,E,0.5,76,23,1016
2016-08-16,Anguilla,Mount Fortune,28,28,23,ENE,3.1,77,43,1016
2016-08-17,Anguilla,Mount Fortune,29,28,19,ENE,0.5,81,32,1016
2016-08-18,Anguilla,Mount Fortune,29,29,21,E,0.4,80,38,1016
2016-08-19,Anguilla,Mount Fortune,29,28,19,ENE,0.4,79,36,1015
2016-08-20,Anguilla,Mount Fortune,29,28,15,ENE,0.7,77,27,1015
2016-08-21,Anguilla,Mount Fortune,28,28,13,E,9.6,75,17,1015
2016-08-22,Anguilla,Mount Fortune,29,28,16,E,2.4,73,11,1015
2016-08-23,Anguilla,Mount Fortune,29,28,18,NE,5.1,74,24,1014
2016-08-24,Anguilla,Mount Fortune,29,27,32,ESE,28.8,76,49,1013
2016-08-25,Anguilla,Mount Fortune,29,29,27,ESE,2.0,79,49,1014
2016-08-26,Anguilla,Mount Fortune,29,28,14,ESE,0.5,77,33,1014
2016-08-27,Anguilla,Mount Fortune,28,28,11,ENE,5.0,73,30,1014
2016-08-28,Anguilla,Mount Fortune,29,28,12,ESE,10.3,73,44,1015
2016-08-29,Anguilla,Mount Fortune,29,29,21,ESE,0.0,79,38,1016
2016-08-30,Anguilla,Mount Fortune,29,28,20,E,0.5,81,37,1017
2016-08-31,Anguilla,Mount Fortune,29,29,26,ENE,0.1,78,42,1016
2016-09-01,Anguilla,Mount Fortune,29,28,25,E,11.5,76,33,1016
2016-09-02,Anguilla,Mount Fortune,29,28,23,E,3.0,79,52,1017
2016-09-03,Anguilla,Mount Fortune,29,29,27,ENE,0.9,80,58,1015
2016-09-04,Anguilla,Mount Fortune,29,28,29,ENE,0.5,82,77,1015
2016-09-05,Anguilla,Mount Fortune,28,28,28,E,9.5,82,61,1015
2016-09-06,Anguilla,Mount Fortune,29,28,21,E,1.4,78,45,1016
2016-09-07,Anguilla,Mount Fortune,29,28,20,E,9.2,74,23,1016
2016-09-08,Anguilla,Mount Fortune,29,28,19,E,18.4,76,31,1015
2016-09-09,Anguilla,Mount Fortune,29,28,20,ESE,9.0,79,40,1015
2016-09-10,Anguilla,Mount Fortune,29,29,21,E,18.7,76,16,1017
2016-09-11,Anguilla,Mount Fortune,29,28,19,ENE,2.1,75,20,1016
2016-09-12,Anguilla,Mount Fortune,29,28,20,ENE,0.2,77,40,1014
2016-09-13,Anguilla,Mount Fortune,29,28,17,ENE,0.4,76,7,1014
2016-09-14,Anguilla,Mount Fortune,29,28,14,ENE,0.7,75,15,1015
2016-09-15,Anguilla,Mount Fortune,29,28,15,ENE,0.9,75,12,1015
2016-09-16,Anguilla,Mount Fortune,29,28,15,ENE,0.9,75,33,1014
2016-09-17,Anguilla,Mount Fortune,29,28,16,E,15.3,74,32,1014
2016-09-18,Anguilla,Mount Fortune,29,28,18,ESE,13.8,74,25,1014
2016-09-19,Anguilla,Mount Fortune,29,29,17,ESE,1.9,74,35,1014
2016-09-20,Anguilla,Mount Fortune,29,28,16,NE,1.0,74,39,1013
2016-09-21,Anguilla,Mount Fortune,29,28,8,SE,9.9,73,38,1011
2016-09-22,Anguilla,Mount Fortune,29,28,13,SSW,2.1,75,33,1012
2016-09-23,Anguilla,Mount Fortune,29,29,16,SE,6.7,75,25,1015
2016-09-24,Anguilla,Mount Fortune,29,28,14,E,1.2,75,40,1015
2016-09-25,Anguilla,Mount Fortune,29,28,15,ENE,0.2,75,24,1014
2016-09-26,Anguilla,Mount Fortune,29,28,17,E,1.0,77,48,1013
2016-09-27,Anguilla,Mount Fortune,29,29,23,E,3.4,78,54,1014
2016-09-28,Anguilla,Mount Fortune,30,29,37,ENE,4.6,77,54,1015
2016-09-29,Anguilla,Mount Fortune,29,29,32,E,2.8,77,59,1015
2016-09-30,Anguilla,Mount Fortune,28,28,24,ENE,17.7,76,40,1012
2016-10-01,Anguilla,Mount Fortune,29,28,23,E,3.9,75,35,1011
2016-10-02,Anguilla,Mount Fortune,29,28,15,ESE,0.7,75,43,1012
2016-10-03,Anguilla,Mount Fortune,29,28,17,SE,8.3,75,30,1012
2016-10-04,Anguilla,Mount Fortune,29,28,17,ESE,6.9,77,30,1013
2016-10-05,Anguilla,Mount Fortune,29,29,19,ESE,4.0,79,34,1013
2016-10-06,Anguilla,Mount Fortune,29,29,19,E,10.5,79,36,1013
2016-10-07,Anguilla,Mount Fortune,29,28,21,E,8.7,78,42,1011
2016-10-08,Anguilla,Mount Fortune,29,28,18,SE,10.1,77,25,1011
2016-10-09,Anguilla,Mount Fortune,29,28,17,SSE,39.2,75,58,1011
2016-10-10,Anguilla,Mount Fortune,29,29,14,SSE,1.8,75,63,1012
2016-10-11,Anguilla,Mount Fortune,29,28,15,SSE,16.3,77,15,1012
2016-10-12,Anguilla,Mount Fortune,29,29,19,SE,14.5,78,23,1012
2016-10-13,Anguilla,Mount Fortune,29,28,15,ESE,0.3,77,28,1013
2016-10-14,Anguilla,Mount Fortune,29,28,16,E,0.1,73,33,1014
2016-10-15,Anguilla,Mount Fortune,29,28,15,ENE,0.4,70,58,1013
2016-10-16,Anguilla,Mount Fortune,28,28,6,ESE,0.3,68,40,1011
2016-10-17,Anguilla,Mount Fortune,29,27,11,SSE,0.3,71,42,1011
2016-10-18,Anguilla,Mount Fortune,29,28,16,SSE,8.4,77,26,1011
2016-10-19,Anguilla,Mount Fortune,29,29,16,SSE,8.7,76,19,1012
2016-10-20,Anguilla,Mount Fortune,29,29,21,ESE,0.4,77,36,1012
2016-10-21,Anguilla,Mount Fortune,29,29,20,ESE,0.9,75,31,1012
2016-10-22,Anguilla,Mount Fortune,29,28,17,ESE,1.3,76,26,1013
2016-10-23,Anguilla,Mount Fortune,29,28,16,E,12.9,75,28,1014
2016-10-24,Anguilla,Mount Fortune,29,28,16,E,6.8,73,32,1012
2016-10-25,Anguilla,Mount Fortune,29,28,17,E,2.9,75,26,1011
2016-10-26,Anguilla,Mount Fortune,29,28,12,E,2.6,74,49,1010
2016-10-27,Anguilla,Mount Fortune,29,28,15,ESE,12.0,75,25,1010
2016-10-28,Anguilla,Mount Fortune,29,28,13,E,10.0,77,26,1011
2016-10-29,Anguilla,Mount Fortune,29,28,13,SE,8.2,77,29,1013
2016-10-30,Anguilla,Mount Fortune,29,28,7,SSE,19.7,72,40,1012
2016-10-31,Anguilla,Mount Fortune,29,28,9,S,20.0,72,24,1009
2016-11-01,Anguilla,Mount Fortune,29,25,7,SSE,60.7,73,67,1008
2016-11-02,Anguilla,Mount Fortune,28,25,5,SW,9.6,75,41,1010
2016-11-03,Anguilla,Mount Fortune,28,27,15,ENE,16.2,74,39,1012
2016-11-04,Anguilla,Mount Fortune,28,28,15,ESE,18.4,73,37,1013
2016-11-05,Anguilla,Mount Fortune,29,28,21,SE,22.7,76,25,1014
2016-11-06,Anguilla,Mount Fortune,28,28,19,SE,14.0,77,31,1013
2016-11-07,Anguilla,Mount Fortune,29,28,9,ESE,15.3,70,42,1012
2016-11-08,Anguilla,Mount Fortune,28,28,11,E,19.7,73,25,1012
2016-11-09,Anguilla,Mount Fortune,29,28,17,E,1.6,77,32,1013
2016-11-10,Anguilla,Mount Fortune,28,28,21,ESE,10.3,78,35,1014
2016-11-11,Anguilla,Mount Fortune,28,28,17,E,0.6,80,39,1013
2016-11-12,Anguilla,Mount Fortune,29,28,20,E,2.0,79,37,1013
2016-11-13,Anguilla,Mount Fortune,28,28,19,E,2.8,78,43,1012
2016-11-14,Anguilla,Mount Fortune,28,28,18,E,2.6,76,34,1011
2016-11-15,Anguilla,Mount Fortune,28,28,20,E,2.5,77,39,1010
2016-11-16,Anguilla,Mount Fortune,29,28,22,E,0.7,78,42,1010
2016-11-17,Anguilla,Mount Fortune,28,28,20,ESE,5.5,80,35,1011
2016-11-18,Anguilla,Mount Fortune,28,28,16,ESE,3.6,77,34,1012
2016-11-19,Anguilla,Mount Fortune,28,28,13,ESE,7.8,74,53,1011
2016-11-20,Anguilla,Mount Fortune,28,28,12,ESE,16.8,72,37,1010
2016-11-21,Anguilla,Mount Fortune,28,28,18,ESE,10.2,73,39,1011
2016-11-22,Anguilla,Mount Fortune,28,27,19,E,16.0,75,45,1012
2016-11-23,Anguilla,Mount Fortune,28,28,25,ENE,3.2,75,39,1013
2016-11-24,Anguilla,Mount Fortune,28,28,27,ENE,2.1,75,38,1014
2016-11-25,Anguilla,Mount Fortune,28,27,24,ENE,5.0,75,47,1014
2016-11-26,Anguilla,Mount Fortune,28,27,26,E,5.3,75,42,1013
2016-11-27,Anguilla,Mount Fortune,28,27,15,E,0.6,69,49,1012
2016-11-28,Anguilla,Mount Fortune,27,25,15,ESE,30.0,77,73,1010
2016-11-29,Anguilla,Mount Fortune,27,26,11,NE,8.8,74,57,1011
2016-11-30,Anguilla,Mount Fortune,28,27,15,ESE,5.0,74,30,1012
2016-12-01,Anguilla,Mount Fortune,28,27,17,ESE,6.5,75,20,1014
2016-12-02,Anguilla,Mount Fortune,28,27,19,ESE,8.5,77,25,1015
2016-12-03,Anguilla,Mount Fortune,28,27,19,ESE,7.7,75,43,1015
2016-12-04,Anguilla,Mount Fortune,27,27,14,E,0.0,73,46,1015
2016-12-05,Anguilla,Mount Fortune,27,27,17,ENE,0.1,69,17,1015
2016-12-06,Anguilla,Mount Fortune,27,27,22,ENE,2.2,78,41,1016
2016-12-07,Anguilla,Mount Fortune,27,27,24,ENE,1.1,79,40,1016
2016-12-08,Anguilla,Mount Fortune,27,27,26,ENE,0.7,79,51,1016
2016-12-09,Anguilla,Mount Fortune,28,27,22,E,2.0,78,39,1016
2016-12-10,Anguilla,Mount Fortune,27,27,22,E,4.3,77,43,1018
2016-12-11,Anguilla,Mount Fortune,28,27,33,ENE,1.1,75,35,1018
2016-12-12,Anguilla,Mount Fortune,28,27,36,ENE,7.6,75,44,1017
2016-12-13,Anguilla,Mount Fortune,27,27,32,E,3.4,76,46,1017
2016-12-14,Anguilla,Mount Fortune,28,27,26,E,1.4,73,25,1017
2016-12-15,Anguilla,Mount Fortune,28,27,20,E,3.9,76,43,1016
2016-12-16,Anguilla,Mount Fortune,27,27,23,ENE,1.3,77,49,1017
2016-12-17,Anguilla,Mount Fortune,27,27,30,E,4.2,77,50,1018
2016-12-18,Anguilla,Mount Fortune,28,27,37,ENE,3.4,73,28,1019
2016-12-19,Anguilla,Mount Fortune,27,27,36,ENE,11.5,75,42,1018
2016-12-20,Anguilla,Mount Fortune,27,26,30,E,6.0,73,33,1016
2016-12-21,Anguilla,Mount Fortune,27,26,27,ENE,1.8,75,39,1015
2016-12-22,Anguilla,Mount Fortune,27,27,27,ENE,5.7,76,41,1015
2016-12-23,Anguilla,Mount Fortune,27,27,25,E,10.0,75,37,1016
2016-12-24,Anguilla,Mount Fortune,27,27,32,ENE,5.7,75,35,1017
2016-12-25,Anguilla,Mount Fortune,27,27,32,ENE,2.2,73,29,1016
2016-12-26,Anguilla,Mount Fortune,27,27,33,ENE,6.3,74,32,1017
2016-12-27,Anguilla,Mount Fortune,27,26,31,ENE,4.0,72,34,1017
2016-12-28,Anguilla,Mount Fortune,27,27,28,E,2.6,72,24,1016
2016-12-29,Anguilla,Mount Fortune,27,26,24,E,1.7,75,41,1016
2016-12-30,Anguilla,Mount Fortune,27,26,22,E,0.6,74,25,1016
2016-12-31,Anguilla,Mount Fortune,27,26,28,ENE,5.7,75,36,1018
2017-01-01,Anguilla,Mount Fortune,27,26,29,ENE,0.9,74,49,1019
2017-01-02,Anguilla,Mount Fortune,26,26,28,ENE,2.5,74,38,1018
2017-01-03,Anguilla,Mount Fortune,26,26,24,ENE,3.1,74,33,1016
2017-01-04,Anguilla,Mount Fortune,26,26,22,ESE,0.3,73,36,1015
2017-01-05,Anguilla,Mount Fortune,27,26,23,ESE,1.4,73,30,1016
2017-01-06,Anguilla,Mount Fortune,27,26,25,E,1.5,76,39,1017
2017-01-07,Anguilla,Mount Fortune,27,26,29,E,1.4,75,31,1018
2017-01-08,Anguilla,Mount Fortune,26,26,21,ESE,2.1,74,36,1018
2017-01-09,Anguilla,Mount Fortune,26,26,21,ENE,0.5,72,28,1017
2017-01-10,Anguilla,Mount Fortune,26,26,20,NE,5.7,73,33,1015
2017-01-11,Anguilla,Mount Fortune,26,25,24,NE,2.8,72,44,1016
2017-01-12,Anguilla,Mount Fortune,25,25,30,NNE,1.0,69,38,1016
2017-01-13,Anguilla,Mount Fortune,26,25,32,NNE,4.8,72,30,1015
2017-01-14,Anguilla,Mount Fortune,26,26,35,NE,3.4,72,25,1016
2017-01-15,Anguilla,Mount Fortune,26,25,31,ENE,1.5,71,24,1016
2017-01-16,Anguilla,Mount Fortune,26,25,32,ENE,1.2,72,24,1017
2017-01-17,Anguilla,Mount Fortune,26,25,28,ENE,3.4,73,27,1017
2017-01-18,Anguilla,Mount Fortune,25,25,22,NE,2.3,71,24,1017
2017-01-19,Anguilla,Mount Fortune,25,24,9,NE,0.1,64,45,1015
2017-01-20,Anguilla,Mount Fortune,25,24,7,W,0.0,58,6,1015
2017-01-21,Anguilla,Mount Fortune,25,25,7,SSW,0.5,64,33,1015
2017-01-22,Anguilla,Mount Fortune,25,24,5,E,2.3,66,32,1015
2017-01-23,Anguilla,Mount Fortune,26,25,16,SE,0.3,66,35,1015
2017-01-24,Anguilla,Mount Fortune,26,26,19,S,3.1,79,39,1015
2017-01-25,Anguilla,Mount Fortune,26,26,11,SSE,1.4,76,30,1017
2017-01-26,Anguilla,Mount Fortune,26,25,22,NE,0.2,75,31,1018
2017-01-27,Anguilla,Mount Fortune,26,25,19,E,2.8,78,35,1018
2017-01-28,Anguilla,Mount Fortune,26,26,24,E,1.6,77,36,1018
2017-01-29,Anguilla,Mount Fortune,26,26,26,E,2.5,75,37,1018
2017-01-30,Anguilla,Mount Fortune,26,26,21,ESE,6.8,76,36,1018
2017-01-31,Anguilla,Mount Fortune,26,26,25,E,4.1,76,42,1018
2017-02-01,Anguilla,Mount Fortune,26,26,30,E,0.2,76,34,1018
2017-02-02,Anguilla,Mount Fortune,26,26,26,E,5.8,76,20,1018
2017-02-03,Anguilla,Mount Fortune,26,26,23,E,1.0,75,37,1018
2017-02-04,Anguilla,Mount Fortune,26,26,23,E,0.8,78,48,1018
2017-02-05,Anguilla,Mount Fortune,26,26,25,ENE,0.8,77,50,1017
2017-02-06,Anguilla,Mount Fortune,27,26,30,E,2.7,78,51,1017
2017-02-07,Anguilla,Mount Fortune,26,26,31,E,2.0,76,39,1017
2017-02-08,Anguilla,Mount Fortune,26,26,31,ESE,1.7,75,36,1017
2017-02-09,Anguilla,Mount Fortune,27,26,24,ESE,0.5,73,18,1018
2017-02-10,Anguilla,Mount Fortune,26,26,20,ENE,1.9,73,28,1019
2017-02-11,Anguilla,Mount Fortune,26,25,24,ENE,0.2,71,7,1018
2017-02-12,Anguilla,Mount Fortune,26,25,15,ENE,0.5,70,38,1017
2017-02-13,Anguilla,Mount Fortune,26,25,8,SSE,0.9,68,37,1014
2017-02-14,Anguilla,Mount Fortune,25,25,5,S,0.0,67,33,1015
2017-02-15,Anguilla,Mount Fortune,26,25,12,ESE,1.7,68,33,1018
2017-02-16,Anguilla,Mount Fortune,26,26,16,SE,0.4,70,30,1018
2017-02-17,Anguilla,Mount Fortune,26,26,12,E,0.0,64,37,1018
2017-02-18,Anguilla,Mount Fortune,26,25,12,ENE,0.0,66,44,1017
2017-02-19,Anguilla,Mount Fortune,26,25,13,E,0.1,67,45,1017
2017-02-20,Anguilla,Mount Fortune,26,25,14,SSE,0.7,69,32,1014
2017-02-21,Anguilla,Mount Fortune,25,25,22,WNW,15.1,69,25,1011
2017-02-22,Anguilla,Mount Fortune,25,25,16,ESE,1.3,71,53,1011
2017-02-23,Anguilla,Mount Fortune,26,24,18,ESE,3.9,75,38,1013
2017-02-24,Anguilla,Mount Fortune,26,25,18,SE,0.8,73,20,1014
2017-02-25,Anguilla,Mount Fortune,26,25,17,ESE,0.5,75,40,1016
2017-02-26,Anguilla,Mount Fortune,26,25,20,ENE,2.0,78,27,1017
2017-02-27,Anguilla,Mount Fortune,26,26,30,ENE,3.8,75,46,1018
2017-02-28,Anguilla,Mount Fortune,26,26,34,ENE,3.9,75,32,1018
2017-03-01,Anguilla,Mount Fortune,26,26,33,E,1.8,74,23,1018
2017-03-02,Anguilla,Mount Fortune,26,26,31,E,1.2,73,33,1019
2017-03-03,Anguilla,Mount Fortune,26,26,31,E,3.0,72,22,1019
2017-03-04,Anguilla,Mount Fortune,26,25,29,E,4.4,74,34,1018
2017-03-05,Anguilla,Mount Fortune,26,25,25,ENE,4.3,73,22,1016
2017-03-06,Anguilla,Mount Fortune,25,25,29,ENE,20.8,75,30,1017
2017-03-07,Anguilla,Mount Fortune,25,24,35,ENE,17.5,77,55,1019
2017-03-08,Anguilla,Mount Fortune,25,24,35,ENE,2.1,73,54,1019
2017-03-09,Anguilla,Mount Fortune,25,24,35,ENE,5.5,76,48,1018
2017-03-10,Anguilla,Mount Fortune,26,25,28,E,1.3,76,41,1017
2017-03-11,Anguilla,Mount Fortune,26,25,22,ESE,0.4,78,36,1017
2017-03-12,Anguilla,Mount Fortune,26,25,21,E,0.6,75,31,1017
2017-03-13,Anguilla,Mount Fortune,26,25,25,E,0.7,75,38,1017
2017-03-14,Anguilla,Mount Fortune,26,25,25,E,0.9,74,29,1017
2017-03-15,Anguilla,Mount Fortune,26,25,25,E,0.7,75,28,1017
2017-03-16,Anguilla,Mount Fortune,26,26,29,E,0.9,74,25,1018
2017-03-17,Anguilla,Mount Fortune,26,25,25,ENE,2.9,72,24,1018
2017-03-18,Anguilla,Mount Fortune,26,25,27,ENE,0.8,75,32,1017
2017-03-19,Anguilla,Mount Fortune,26,25,23,E,3.7,76,34,1016
2017-03-20,Anguilla,Mount Fortune,26,25,16,ESE,2.8,78,23,1016
2017-03-21,Anguilla,Mount Fortune,26,25,17,ESE,7.8,77,20,1017
2017-03-22,Anguilla,Mount Fortune,26,26,25,ESE,0.9,79,47,1016
2017-03-23,Anguilla,Mount Fortune,26,26,20,SE,20.0,79,25,1016
2017-03-24,Anguilla,Mount Fortune,26,26,21,SE,11.8,78,55,1016
2017-03-25,Anguilla,Mount Fortune,26,26,26,SE,11.1,78,68,1014
2017-03-26,Anguilla,Mount Fortune,26,26,22,SE,20.7,79,34,1014
2017-03-27,Anguilla,Mount Fortune,26,26,19,SSE,0.6,81,45,1014
2017-03-28,Anguilla,Mount Fortune,26,26,12,S,5.8,80,34,1014
2017-03-29,Anguilla,Mount Fortune,26,26,7,SSW,0.7,77,24,1014
2017-03-30,Anguilla,Mount Fortune,26,25,19,NE,0.4,77,45,1015
2017-03-31,Anguilla,Mount Fortune,26,25,18,ENE,1.2,77,25,1016
2017-04-01,Anguilla,Mount Fortune,26,26,15,ESE,1.5,79,31,1018
2017-04-02,Anguilla,Mount Fortune,27,26,11,ESE,0.2,76,30,1017
2017-04-03,Anguilla,Mount Fortune,27,26,15,ENE,0.7,75,26,1016
2017-04-04,Anguilla,Mount Fortune,26,26,24,ENE,0.5,76,29,1017
2017-04-05,Anguilla,Mount Fortune,26,25,23,E,0.0,74,24,1018
2017-04-06,Anguilla,Mount Fortune,26,26,24,E,0.3,74,39,1018
2017-04-07,Anguilla,Mount Fortune,27,26,19,E,0.0,74,24,1016
2017-04-08,Anguilla,Mount Fortune,26,26,19,E,1.6,77,27,1015
2017-04-09,Anguilla,Mount Fortune,27,26,21,ESE,13.4,76,43,1014
2017-04-10,Anguilla,Mount Fortune,27,26,26,ESE,11.3,75,35,1015
2017-04-11,Anguilla,Mount Fortune,26,26,19,ESE,3.1,73,29,1014
2017-04-12,Anguilla,Mount Fortune,26,26,16,SE,10.8,74,28,1013
2017-04-13,Anguilla,Mount Fortune,26,26,11,SSE,14.1,75,15,1014
2017-04-14,Anguilla,Mount Fortune,26,26,5,SSE,5.8,72,13,1014
2017-04-15,Anguilla,Mount Fortune,26,26,6,ENE,5.0,74,29,1015
2017-04-16,Anguilla,Mount Fortune,26,26,22,ENE,12.3,78,48,1016
2017-04-17,Anguilla,Mount Fortune,26,25,32,ENE,26.2,79,64,1016
2017-04-18,Anguilla,Mount Fortune,26,25,28,ENE,0.1,74,49,1017
2017-04-19,Anguilla,Mount Fortune,26,25,23,ENE,0.9,73,37,1016
2017-04-20,Anguilla,Mount Fortune,25,25,19,ENE,1.2,72,42,1015
2017-04-21,Anguilla,Mount Fortune,26,25,20,ENE,0.2,69,37,1015
2017-04-22,Anguilla,Mount Fortune,26,25,20,E,0.0,67,31,1015
2017-04-23,Anguilla,Mount Fortune,26,26,28,E,5.1,77,52,1015
2017-04-24,Anguilla,Mount Fortune,27,26,30,E,9.0,81,63,1015
2017-04-25,Anguilla,Mount Fortune,27,26,29,ESE,1.7,81,60,1014
2017-04-26,Anguilla,Mount Fortune,26,26,24,E,0.1,78,39,1015
2017-04-27,Anguilla,Mount Fortune,27,26,25,E,1.3,79,37,1016
2017-04-28,Anguilla,Mount Fortune,26,26,28,E,18.6,80,41,1017
2017-04-29,Anguilla,Mount Fortune,26,26,30,E,20.0,79,62,1017
2017-04-30,Anguilla,Mount Fortune,26,26,29,E,10.4,78,64,1017
2017-05-01,Anguilla,Mount Fortune,26,26,30,E,4.9,78,60,1017
2017-05-02,Anguilla,Mount Fortune,27,26,26,ENE,1.6,77,46,1016
2017-05-03,Anguilla,Mount Fortune,26,26,21,E,4.0,78,38,1015
2017-05-04,Anguilla,Mount Fortune,27,26,22,E,2.1,79,40,1015
2017-05-05,Anguilla,Mount Fortune,27,26,24,E,3.1,79,41,1015
2017-05-06,Anguilla,Mount Fortune,27,26,24,E,0.4,77,41,1016
2017-05-07,Anguilla,Mount Fortune,27,26,24,E,1.2,76,38,1015
2017-05-08,Anguilla,Mount Fortune,27,26,26,E,6.6,78,41,1014
2017-05-09,Anguilla,Mount Fortune,27,26,26,ESE,48.1,80,57,1014
2017-05-10,Anguilla,Mount Fortune,27,26,23,ESE,20.2,76,42,1014
2017-05-11,Anguilla,Mount Fortune,27,26,12,ESE,22.6,73,33,1014
2017-05-12,Anguilla,Mount Fortune,26,26,10,ENE,0.0,73,28,1014
2017-05-13,Anguilla,Mount Fortune,27,26,14,ENE,0.7,79,38,1016
2017-05-14,Anguilla,Mount Fortune,27,27,22,E,0.1,83,49,1016
2017-05-15,Anguilla,Mount Fortune,27,27,22,ESE,1.0,84,47,1016
2017-05-16,Anguilla,Mount Fortune,28,27,22,ESE,0.1,83,31,1017
2017-05-17,Anguilla,Mount Fortune,27,27,24,E,0.2,81,28,1017
2017-05-18,Anguilla,Mount Fortune,27,27,24,ENE,0.3,79,41,1016
2017-05-19,Anguilla,Mount Fortune,27,27,19,E,0.3,78,31,1015
2017-05-20,Anguilla,Mount Fortune,27,27,15,E,0.7,78,58,1015
2017-05-21,Anguilla,Mount Fortune,28,27,17,E,0.3,81,35,1016
2017-05-22,Anguilla,Mount Fortune,28,27,19,E,0.6,80,17,1017
2017-05-23,Anguilla,Mount Fortune,28,27,20,E,0.1,80,35,1017
2017-05-24,Anguilla,Mount Fortune,28,27,22,E,0.1,80,52,1018
2017-05-25,Anguilla,Mount Fortune,27,27,22,ENE,1.1,77,41,1018
2017-05-26,Anguilla,Mount Fortune,27,27,21,E,6.9,76,33,1018
2017-05-27,Anguilla,Mount Fortune,27,27,19,E,0.6,76,30,1017
2017-05-28,Anguilla,Mount Fortune,28,27,22,E,16.7,78,31,1017
2017-05-29,Anguilla,Mount Fortune,28,28,23,E,19.5,79,22,1018
2017-05-30,Anguilla,Mount Fortune,28,27,24,E,8.2,79,29,1019
2017-05-31,Anguilla,Mount Fortune,28,27,25,ENE,1.4,77,40,1018
2017-06-01,Anguilla,Mount Fortune,27,27,25,ENE,1.8,76,48,1017
2017-06-02,Anguilla,Mount Fortune,28,27,24,E,6.0,77,39,1017
2017-06-03,Anguilla,Mount Fortune,28,28,21,ESE,2.9,81,44,1017
2017-06-04,Anguilla,Mount Fortune,28,28,23,ESE,0.6,82,45,1016
2017-06-05,Anguilla,Mount Fortune,28,28,24,E,0.4,78,43,1017
2017-06-06,Anguilla,Mount Fortune,28,28,25,E,0.5,76,47,1016
2017-06-07,Anguilla,Mount Fortune,28,27,23,E,1.0,77,36,1015
2017-06-08,Anguilla,Mount Fortune,28,27,21,E,4.8,78,39,1016
2017-06-09,Anguilla,Mount Fortune,28,27,20,E,6.1,77,25,1017
2017-06-10,Anguilla,Mount Fortune,28,27,24,E,5.0,77,32,1018
2017-06-11,Anguilla,Mount Fortune,28,27,28,ENE,1.7,75,38,1017
2017-06-12,Anguilla,Mount Fortune,28,27,23,E,1.7,77,30,1016
2017-06-13,Anguilla,Mount Fortune,28,27,23,E,7.1,81,46,1016
2017-06-14,Anguilla,Mount Fortune,28,28,23,E,9.2,80,44,1017
2017-06-15,Anguilla,Mount Fortune,28,28,23,E,0.2,79,30,1017
2017-06-16,Anguilla,Mount Fortune,28,27,21,E,0.3,76,36,1016
2017-06-17,Anguilla,Mount Fortune,28,27,24,E,3.5,75,35,1016
2017-06-18,Anguilla,Mount Fortune,28,27,26,E,12.4,75,22,1016
2017-06-19,Anguilla,Mount Fortune,28,28,30,E,13.2,80,59,1017
2017-06-20,Anguilla,Mount Fortune,28,28,27,E,7.3,79,43,1017
2017-06-21,Anguilla,Mount Fortune,28,27,28,E,1.7,75,32,1017
2017-06-22,Anguilla,Mount Fortune,28,27,25,ENE,1.0,76,42,1016
2017-06-23,Anguilla,Mount Fortune,28,27,23,ENE,5.8,76,30,1015
2017-06-24,Anguilla,Mount Fortune,28,27,23,E,3.2,77,36,1017
2017-06-25,Anguilla,Mount Fortune,28,28,27,E,3.4,80,45,1018
2017-06-26,Anguilla,Mount Fortune,28,28,25,ENE,1.8,81,38,1017
2017-06-27,Anguilla,Mount Fortune,28,28,20,ENE,1.9,80,39,1016
2017-06-28,Anguilla,Mount Fortune,28,27,23,E,0.8,79,39,1016
2017-06-29,Anguilla,Mount Fortune,28,28,25,E,14.0,80,50,1017
2017-06-30,Anguilla,Mount Fortune,28,28,24,E,3.1,80,54,1018
2017-07-01,Anguilla,Mount Fortune,28,28,23,E,0.6,78,43,1018
2017-07-02,Anguilla,Mount Fortune,28,28,25,E,6.1,78,28,1018
2017-07-03,Anguilla,Mount Fortune,28,28,23,E,0.4,78,35,1018
2017-07-04,Anguilla,Mount Fortune,28,28,25,E,9.5,80,31,1017
2017-07-05,Anguilla,Mount Fortune,28,28,27,E,0.2,79,30,1018
2017-07-06,Anguilla,Mount Fortune,28,28,26,ENE,3.6,77,35,1018
2017-07-07,Anguilla,Mount Fortune,28,27,25,E,16.3,77,35,1017
2017-07-08,Anguilla,Mount Fortune,28,28,22,ENE,9.7,79,39,1016
2017-07-09,Anguilla,Mount Fortune,29,28,11,SE,0.2,79,24,1016
2017-07-10,Anguilla,Mount Fortune,28,28,17,SE,4.3,79,35,1016
2017-07-11,Anguilla,Mount Fortune,28,28,18,ESE,13.6,76,28,1016
2017-07-12,Anguilla,Mount Fortune,28,28,27,ESE,22.5,77,37,1016
2017-07-13,Anguilla,Mount Fortune,29,28,28,E,15.5,79,41,1017
2017-07-14,Anguilla,Mount Fortune,28,28,23,E,0.9,80,38,1017
2017-07-15,Anguilla,Mount Fortune,28,28,22,E,0.2,80,34,1016
2017-07-16,Anguilla,Mount Fortune,28,28,23,E,2.1,78,48,1016
2017-07-17,Anguilla,Mount Fortune,28,28,26,E,9.0,77,35,1017
2017-07-18,Anguilla,Mount Fortune,29,28,31,E,3.4,79,43,1018
2017-07-19,Anguilla,Mount Fortune,29,28,27,ENE,0.5,78,52,1018
2017-07-20,Anguilla,Mount Fortune,28,28,28,ENE,2.9,77,38,1017
2017-07-21,Anguilla,Mount Fortune,29,28,24,ENE,3.0,80,42,1017
2017-07-22,Anguilla,Mount Fortune,29,28,18,E,11.7,82,39,1016
2017-07-23,Anguilla,Mount Fortune,29,28,24,E,0.8,79,31,1017
2017-07-24,Anguilla,Mount Fortune,29,28,24,ENE,1.2,79,23,1017
2017-07-25,Anguilla,Mount Fortune,29,28,20,E,17.9,78,26,1016
2017-07-26,Anguilla,Mount Fortune,29,28,19,ESE,8.3,78,43,1015
2017-07-27,Anguilla,Mount Fortune,29,28,15,E,0.2,78,49,1014
2017-07-28,Anguilla,Mount Fortune,29,28,18,ESE,9.9,79,35,1015
2017-07-29,Anguilla,Mount Fortune,29,28,21,E,27.4,75,27,1016
2017-07-30,Anguilla,Mount Fortune,29,28,25,ESE,3.7,75,28,1017
2017-07-31,Anguilla,Mount Fortune,29,29,26,E,1.6,78,35,1018
2017-08-01,Anguilla,Mount Fortune,29,29,32,ENE,1.3,77,36,1017
2017-08-02,Anguilla,Mount Fortune,29,28,33,ENE,14.2,79,47,1016
2017-08-03,Anguilla,Mount Fortune,29,29,33,E,3.7,80,25,1018
2017-08-04,Anguilla,Mount Fortune,29,29,24,E,6.2,79,27,1017
2017-08-05,Anguilla,Mount Fortune,29,28,21,ENE,0.9,78,40,1016
2017-08-06,Anguilla,Mount Fortune,29,28,21,E,1.2,76,39,1016
2017-08-07,Anguilla,Mount Fortune,29,28,28,E,10.8,80,44,1015
2017-08-08,Anguilla,Mount Fortune,29,29,27,E,2.1,79,39,1016
2017-08-09,Anguilla,Mount Fortune,29,28,28,ENE,2.9,80,44,1016
2017-08-10,Anguilla,Mount Fortune,29,28,13,E,3.2,75,48,1015
2017-08-11,Anguilla,Mount Fortune,29,28,18,SE,10.5,77,32,1015
2017-08-12,Anguilla,Mount Fortune,29,29,23,E,0.4,78,29,1016
2017-08-13,Anguilla,Mount Fortune,29,28,23,E,5.7,79,43,1016
2017-08-14,Anguilla,Mount Fortune,29,28,28,ENE,4.8,80,53,1015
2017-08-15,Anguilla,Mount Fortune,29,29,29,ENE,0.5,78,38,1015
2017-08-16,Anguilla,Mount Fortune,29,28,34,E,5.4,80,65,1014
2017-08-17,Anguilla,Mount Fortune,29,28,27,E,6.7,80,42,1015
2017-08-18,Anguilla,Mount Fortune,29,29,31,ENE,0.9,79,48,1013
2017-08-19,Anguilla,Mount Fortune,29,29,22,E,10.0,79,33,1012
2017-08-20,Anguilla,Mount Fortune,29,29,28,E,3.8,80,52,1014
2017-08-21,Anguilla,Mount Fortune,29,28,23,ENE,0.5,81,43,1016
2017-08-22,Anguilla,Mount Fortune,29,28,19,ENE,0.2,79,30,1015
2017-08-23,Anguilla,Mount Fortune,29,28,16,ENE,0.0,77,61,1013
2017-08-24,Anguilla,Mount Fortune,29,28,17,E,0.7,83,55,1014
2017-08-25,Anguilla,Mount Fortune,29,28,23,ENE,1.1,79,47,1015
2017-08-26,Anguilla,Mount Fortune,29,29,24,E,2.9,76,33,1014
2017-08-27,Anguilla,Mount Fortune,29,28,20,ENE,2.6,77,38,1013
2017-08-28,Anguilla,Mount Fortune,29,28,14,ESE,11.2,76,42,1014
2017-08-29,Anguilla,Mount Fortune,29,28,20,E,1.0,80,45,1015
2017-08-30,Anguilla,Mount Fortune,29,29,23,E,0.3,78,20,1016
2017-08-31,Anguilla,Mount Fortune,29,28,19,ENE,0.9,77,25,1016
2017-09-01,Anguilla,Mount Fortune,29,28,23,ENE,20.7,77,30,1016
2017-09-02,Anguilla,Mount Fortune,29,29,19,E,2.5,76,48,1015
2017-09-03,Anguilla,Mount Fortune,29,28,18,E,3.9,77,33,1015
2017-09-04,Anguilla,Mount Fortune,29,29,20,NE,0.7,78,44,1013
2017-09-05,Anguilla,Mount Fortune,30,29,34,NE,5.8,78,44,1009
2017-09-06,Anguilla,Mount Fortune,30,29,83,SSE,238.3,78,74,1001
2017-09-07,Anguilla,Mount Fortune,29,29,35,ESE,7.5,80,43,1013
2017-09-08,Anguilla,Mount Fortune,29,28,24,E,0.1,78,47,1012
2017-09-09,Anguilla,Mount Fortune,29,28,39,SSE,11.3,77,31,1007
2017-09-10,Anguilla,Mount Fortune,29,28,25,SE,6.8,80,36,1013
2017-09-11,Anguilla,Mount Fortune,29,28,22,ESE,0.9,80,38,1014
2017-09-12,Anguilla,Mount Fortune,29,28,21,ESE,0.2,79,43,1014
2017-09-13,Anguilla,Mount Fortune,29,28,22,SE,1.3,81,42,1013
2017-09-14,Anguilla,Mount Fortune,29,28,20,SE,5.4,77,30,1014
2017-09-15,Anguilla,Mount Fortune,28,28,25,ESE,1.3,80,38,1016
2017-09-16,Anguilla,Mount Fortune,29,28,24,E,7.7,80,47,1015
2017-09-17,Anguilla,Mount Fortune,29,28,20,ENE,1.9,81,48,1014
2017-09-18,Anguilla,Mount Fortune,29,28,27,ENE,2.7,80,59,1012
2017-09-19,Anguilla,Mount Fortune,29,28,60,E,67.9,80,88,1005
2017-09-20,Anguilla,Mount Fortune,29,29,43,SE,5.9,80,49,1010
2017-09-21,Anguilla,Mount Fortune,29,28,31,ESE,0.5,80,39,1011
2017-09-22,Anguilla,Mount Fortune,28,28,27,ESE,1.4,82,46,1013
2017-09-23,Anguilla,Mount Fortune,29,28,22,ESE,0.1,81,55,1013
2017-09-24,Anguilla,Mount Fortune,29,28,20,ESE,2.0,82,53,1014
2017-09-25,Anguilla,Mount Fortune,28,27,22,ESE,20.2,80,43,1015
2017-09-26,Anguilla,Mount Fortune,28,28,18,E,0.2,83,68,1015
2017-09-27,Anguilla,Mount Fortune,28,28,23,E,0.2,82,40,1014
2017-09-28,Anguilla,Mount Fortune,28,28,27,E,3.3,80,40,1014
2017-09-29,Anguilla,Mount Fortune,28,27,28,E,12.9,79,55,1014
2017-09-30,Anguilla,Mount Fortune,28,27,28,ESE,28.7,78,60,1013
2017-10-01,Anguilla,Mount Fortune,28,28,20,ESE,9.9,79,47,1012
2017-10-02,Anguilla,Mount Fortune,29,28,25,E,0.9,79,35,1013
2017-10-03,Anguilla,Mount Fortune,29,28,19,E,0.5,78,39,1012
2017-10-04,Anguilla,Mount Fortune,29,28,17,ESE,8.5,79,35,1012
2017-10-05,Anguilla,Mount Fortune,29,28,14,SE,6.4,75,30,1014
2017-10-06,Anguilla,Mount Fortune,29,28,19,ESE,7.9,77,23,1015
2017-10-07,Anguilla,Mount Fortune,28,28,20,E,25.6,78,38,1015
2017-10-08,Anguilla,Mount Fortune,28,27,18,E,32.2,77,45,1012
2017-10-09,Anguilla,Mount Fortune,28,27,17,SE,19.4,75,25,1011
2017-10-10,Anguilla,Mount Fortune,28,27,14,SE,3.7,76,44,1010
2017-10-11,Anguilla,Mount Fortune,28,28,16,SE,10.9,80,29,1011
2017-10-12,Anguilla,Mount Fortune,28,28,15,E,0.0,82,42,1012
2017-10-13,Anguilla,Mount Fortune,28,28,21,NE,1.7,80,45,1012
2017-10-14,Anguilla,Mount Fortune,29,28,17,ENE,4.2,79,41,1011
2017-10-15,Anguilla,Mount Fortune,29,28,36,ESE,23.1,78,62,1014
2017-10-16,Anguilla,Mount Fortune,28,28,35,ESE,3.6,80,43,1015
2017-10-17,Anguilla,Mount Fortune,28,28,32,ESE,9.4,81,54,1015
2017-10-18,Anguilla,Mount Fortune,28,28,33,ESE,0.1,80,39,1016
2017-10-19,Anguilla,Mount Fortune,28,28,33,E,0.5,79,47,1016
2017-10-20,Anguilla,Mount Fortune,28,28,27,E,0.5,75,34,1015
2017-10-21,Anguilla,Mount Fortune,28,27,28,E,0.1,76,39,1016
2017-10-22,Anguilla,Mount Fortune,28,28,27,E,0.5,74,33,1016
2017-10-23,Anguilla,Mount Fortune,28,27,22,E,0.1,75,44,1015
2017-10-24,Anguilla,Mount Fortune,28,27,21,E,1.3,76,47,1014
2017-10-25,Anguilla,Mount Fortune,28,27,21,ESE,8.7,76,46,1014
2017-10-26,Anguilla,Mount Fortune,28,27,29,E,2.6,77,48,1013
2017-10-27,Anguilla,Mount Fortune,28,27,26,ESE,22.1,78,40,1012
2017-10-28,Anguilla,Mount Fortune,28,27,21,SE,38.0,78,33,1012
2017-10-29,Anguilla,Mount Fortune,28,27,16,ESE,25.3,77,30,1012
2017-10-30,Anguilla,Mount Fortune,28,28,13,E,5.6,76,44,1013
2017-10-31,Anguilla,Mount Fortune,28,27,19,ENE,1.4,74,39,1013
2017-11-01,Anguilla,Mount Fortune,28,27,17,ENE,0.2,66,33,1013
2017-11-02,Anguilla,Mount Fortune,28,27,19,ENE,0.5,69,32,1013
2017-11-03,Anguilla,Mount Fortune,28,27,19,ENE,0.4,73,37,1012
2017-11-04,Anguilla,Mount Fortune,28,27,22,ENE,1.8,75,37,1013
2017-11-05,Anguilla,Mount Fortune,28,27,23,E,7.3,77,31,1014
2017-11-06,Anguilla,Mount Fortune,28,28,24,E,10.9,80,47,1014
2017-11-07,Anguilla,Mount Fortune,28,27,23,E,28.5,79,46,1013
2017-11-08,Anguilla,Mount Fortune,28,28,26,E,4.3,79,49,1012
2017-11-09,Anguilla,Mount Fortune,28,28,27,E,1.0,76,45,1012
2017-11-10,Anguilla,Mount Fortune,28,27,27,E,2.7,78,51,1012
2017-11-11,Anguilla,Mount Fortune,28,27,23,E,2.7,79,45,1012
2017-11-12,Anguilla,Mount Fortune,28,27,25,E,0.7,77,46,1013
2017-11-13,Anguilla,Mount Fortune,28,27,26,E,2.2,78,42,1013
2017-11-14,Anguilla,Mount Fortune,28,27,23,ESE,2.3,79,38,1011
2017-11-15,Anguilla,Mount Fortune,28,27,18,SSE,4.7,81,29,1010
2017-11-16,Anguilla,Mount Fortune,28,28,18,S,1.8,82,45,1011
2017-11-17,Anguilla,Mount Fortune,28,27,15,S,8.1,81,46,1010
2017-11-18,Anguilla,Mount Fortune,28,27,11,SSE,5.5,78,41,1010
2017-11-19,Anguilla,Mount Fortune,28,27,12,SE,10.7,77,32,1011
2017-11-20,Anguilla,Mount Fortune,27,27,18,ESE,0.9,80,54,1013
2017-11-21,Anguilla,Mount Fortune,27,27,21,E,0.0,76,35,1013
2017-11-22,Anguilla,Mount Fortune,28,27,18,E,5.7,78,44,1013
2017-11-23,Anguilla,Mount Fortune,28,27,21,E,3.9,82,53,1013
2017-11-24,Anguilla,Mount Fortune,28,27,21,ESE,6.1,80,46,1014
2017-11-25,Anguilla,Mount Fortune,27,27,23,E,1.3,78,44,1015
2017-11-26,Anguilla,Mount Fortune,27,27,23,E,2.1,76,32,1014
2017-11-27,Anguilla,Mount Fortune,28,27,17,E,2.8,76,46,1014
2017-11-28,Anguilla,Mount Fortune,28,27,22,E,3.9,78,37,1016
2017-11-29,Anguilla,Mount Fortune,27,27,26,E,3.0,77,48,1015
2017-11-30,Anguilla,Mount Fortune,27,27,16,E,0.8,76,50,1012
2017-12-01,Anguilla,Mount Fortune,28,27,12,SE,1.5,76,45,1012
2017-12-02,Anguilla,Mount Fortune,27,27,7,E,15.0,74,40,1012
2017-12-03,Anguilla,Mount Fortune,28,27,16,E,7.2,76,45,1013
2017-12-04,Anguilla,Mount Fortune,28,27,20,ESE,0.5,78,29,1014
2017-12-05,Anguilla,Mount Fortune,27,27,30,ENE,0.6,78,33,1016
2017-12-06,Anguilla,Mount Fortune,27,26,34,ENE,8.5,78,56,1016
2017-12-07,Anguilla,Mount Fortune,27,26,35,ENE,4.8,76,58,1016
2017-12-08,Anguilla,Mount Fortune,27,26,33,E,0.8,71,37,1016
2017-12-09,Anguilla,Mount Fortune,27,27,32,E,1.3,71,18,1016
2017-12-10,Anguilla,Mount Fortune,27,27,29,ENE,3.5,75,42,1015
2017-12-11,Anguilla,Mount Fortune,27,27,22,ENE,1.0,73,38,1013
2017-12-12,Anguilla,Mount Fortune,27,27,16,ESE,0.0,70,40,1013
2017-12-13,Anguilla,Mount Fortune,27,27,12,ESE,0.0,69,42,1016
2017-12-14,Anguilla,Mount Fortune,27,27,19,E,0.3,72,42,1017
2017-12-15,Anguilla,Mount Fortune,27,26,28,ENE,0.2,76,34,1017
2017-12-16,Anguilla,Mount Fortune,27,27,32,ENE,2.1,76,35,1017
2017-12-17,Anguilla,Mount Fortune,27,26,33,ENE,4.7,78,54,1017
2017-12-18,Anguilla,Mount Fortune,27,27,27,ENE,2.5,78,46,1017
2017-12-19,Anguilla,Mount Fortune,27,26,26,ENE,3.0,78,40,1017
2017-12-20,Anguilla,Mount Fortune,27,26,26,ENE,2.7,77,47,1016
2017-12-21,Anguilla,Mount Fortune,27,26,24,ENE,1.3,77,41,1016
2017-12-22,Anguilla,Mount Fortune,27,26,27,ENE,3.2,77,49,1017
2017-12-23,Anguilla,Mount Fortune,27,26,31,ENE,0.7,76,42,1017
2017-12-24,Anguilla,Mount Fortune,27,26,32,ENE,3.9,75,27,1017
2017-12-25,Anguilla,Mount Fortune,27,27,33,ENE,1.0,75,31,1017
2017-12-26,Anguilla,Mount Fortune,27,27,36,ENE,0.5,76,34,1017
2017-12-27,Anguilla,Mount Fortune,27,27,36,ENE,2.1,74,27,1017
2017-12-28,Anguilla,Mount Fortune,27,27,30,E,1.6,73,27,1016
2017-12-29,Anguilla,Mount Fortune,27,26,29,E,1.3,72,24,1016
2017-12-30,Anguilla,Mount Fortune,26,26,20,E,4.5,73,38,1016
2017-12-31,Anguilla,Mount Fortune,26,26,30,E,14.6,77,42,1017
2018-01-01,Anguilla,Mount Fortune,26,26,25,ENE,2.0,74,28,1017
2018-01-02,Anguilla,Mount Fortune,26,26,20,E,1.3,75,29,1015
2018-01-03,Anguilla,Mount Fortune,27,26,14,ESE,0.5,75,54,1015
2018-01-04,Anguilla,Mount Fortune,27,26,24,ESE,2.6,79,37,1016
2018-01-05,Anguilla,Mount Fortune,27,26,29,ESE,1.5,78,29,1017
2018-01-06,Anguilla,Mount Fortune,27,26,31,ESE,5.9,76,31,1017
2018-01-07,Anguilla,Mount Fortune,27,26,33,E,1.4,74,25,1017
2018-01-08,Anguilla,Mount Fortune,27,26,32,E,2.2,74,19,1017
2018-01-09,Anguilla,Mount Fortune,26,26,35,E,1.2,76,35,1017
2018-01-10,Anguilla,Mount Fortune,26,26,33,E,7.9,79,53,1017
2018-01-11,Anguilla,Mount Fortune,27,26,36,E,2.5,77,32,1018
2018-01-12,Anguilla,Mount Fortune,27,26,34,E,4.6,78,45,1018
2018-01-13,Anguilla,Mount Fortune,26,26,32,ENE,7.8,77,43,1017
2018-01-14,Anguilla,Mount Fortune,26,26,29,E,4.1,78,48,1016
2018-01-15,Anguilla,Mount Fortune,26,26,25,E,5.7,77,38,1016
2018-01-16,Anguilla,Mount Fortune,26,26,26,ENE,17.6,78,31,1016
2018-01-17,Anguilla,Mount Fortune,26,26,24,E,1.3,77,35,1017
2018-01-18,Anguilla,Mount Fortune,26,26,24,E,1.9,79,39,1016
2018-01-19,Anguilla,Mount Fortune,26,26,24,E,0.5,79,35,1017
2018-01-20,Anguilla,Mount Fortune,26,26,25,E,1.0,77,33,1018
2018-01-21,Anguilla,Mount Fortune,26,26,30,ENE,0.0,78,30,1017
2018-01-22,Anguilla,Mount Fortune,26,26,29,ENE,0.7,77,45,1016
2018-01-23,Anguilla,Mount Fortune,26,26,25,E,1.9,78,47,1015
2018-01-24,Anguilla,Mount Fortune,26,26,27,ENE,4.5,76,45,1016
2018-01-25,Anguilla,Mount Fortune,26,26,27,ENE,0.4,74,31,1016
2018-01-26,Anguilla,Mount Fortune,26,25,25,ENE,8.2,74,37,1016
2018-01-27,Anguilla,Mount Fortune,26,26,36,ENE,5.2,76,39,1016
2018-01-28,Anguilla,Mount Fortune,26,26,42,ENE,5.6,75,45,1016
2018-01-29,Anguilla,Mount Fortune,25,25,43,ENE,1.5,76,62,1015
2018-01-30,Anguilla,Mount Fortune,25,25,27,ENE,0.1,69,22,1015
2018-01-31,Anguilla,Mount Fortune,25,25,23,NE,0.0,60,33,1016
2018-02-01,Anguilla,Mount Fortune,25,25,28,ENE,1.7,69,48,1017
2018-02-02,Anguilla,Mount Fortune,26,25,27,ENE,3.2,72,30,1016
2018-02-03,Anguilla,Mount Fortune,25,25,30,NE,3.1,75,26,1016
2018-02-04,Anguilla,Mount Fortune,26,25,29,ENE,6.1,73,27,1016
2018-02-05,Anguilla,Mount Fortune,26,25,29,E,4.5,77,42,1017
2018-02-06,Anguilla,Mount Fortune,26,26,34,ENE,1.4,75,27,1019
2018-02-07,Anguilla,Mount Fortune,26,26,36,ENE,3.8,74,28,1019
2018-02-08,Anguilla,Mount Fortune,26,25,34,ENE,2.2,75,29,1018
2018-02-09,Anguilla,Mount Fortune,26,25,36,ENE,2.4,75,34,1018
2018-02-10,Anguilla,Mount Fortune,26,25,41,ENE,4.5,74,30,1019
2018-02-11,Anguilla,Mount Fortune,26,25,43,ENE,2.9,70,16,1020
2018-02-12,Anguilla,Mount Fortune,26,25,44,ENE,2.9,70,16,1021
2018-02-13,Anguilla,Mount Fortune,26,25,42,ENE,6.3,72,23,1021
2018-02-14,Anguilla,Mount Fortune,26,25,36,ENE,3.9,71,18,1020
2018-02-15,Anguilla,Mount Fortune,25,25,31,ENE,5.3,74,34,1020
2018-02-16,Anguilla,Mount Fortune,25,25,28,ENE,1.7,75,44,1019
2018-02-17,Anguilla,Mount Fortune,25,25,29,ENE,0.6,75,31,1020
2018-02-18,Anguilla,Mount Fortune,26,25,34,ENE,0.2,73,34,1020
2018-02-19,Anguilla,Mount Fortune,25,25,40,ENE,0.9,73,58,1020
2018-02-20,Anguilla,Mount Fortune,26,25,38,ENE,3.7,72,30,1020
2018-02-21,Anguilla,Mount Fortune,25,25,43,ENE,4.3,74,40,1021
2018-02-22,Anguilla,Mount Fortune,25,25,39,ENE,1.1,71,20,1021
2018-02-23,Anguilla,Mount Fortune,25,24,37,ENE,3.6,72,29,1019
2018-02-24,Anguilla,Mount Fortune,25,24,31,ENE,2.2,74,28,1018
2018-02-25,Anguilla,Mount Fortune,25,24,25,ENE,8.2,77,34,1018
2018-02-26,Anguilla,Mount Fortune,25,24,25,ENE,0.8,75,44,1017
2018-02-27,Anguilla,Mount Fortune,25,24,20,ENE,1.1,76,45,1016
2018-02-28,Anguilla,Mount Fortune,25,24,16,ENE,0.2,67,49,1015
2018-03-01,Anguilla,Mount Fortune,25,25,17,E,0.7,71,43,1017
2018-03-02,Anguilla,Mount Fortune,25,24,14,E,0.0,64,16,1016
2018-03-03,Anguilla,Mount Fortune,25,24,10,SSW,0.0,65,5,1012
2018-03-04,Anguilla,Mount Fortune,25,25,24,W,2.3,74,39,1010
2018-03-05,Anguilla,Mount Fortune,25,24,20,NW,2.2,69,30,1012
2018-03-06,Anguilla,Mount Fortune,25,24,15,SW,0.0,62,30,1016
2018-03-07,Anguilla,Mount Fortune,25,24,22,ENE,0.0,69,11,1018
2018-03-08,Anguilla,Mount Fortune,26,25,22,E,0.0,82,48,1018
2018-03-09,Anguilla,Mount Fortune,26,25,23,ESE,0.2,82,47,1018
2018-03-10,Anguilla,Mount Fortune,26,25,28,E,0.6,80,63,1019
2018-03-11,Anguilla,Mount Fortune,26,25,30,E,1.0,77,41,1018
2018-03-12,Anguilla,Mount Fortune,26,25,28,ESE,0.6,76,26,1017
2018-03-13,Anguilla,Mount Fortune,27,26,21,SE,0.2,78,15,1017
2018-03-14,Anguilla,Mount Fortune,26,25,24,ESE,0.1,80,50,1017
2018-03-15,Anguilla,Mount Fortune,26,25,19,ESE,0.2,73,33,1018
2018-03-16,Anguilla,Mount Fortune,26,25,24,ESE,0.5,77,18,1017
2018-03-17,Anguilla,Mount Fortune,26,25,17,E,0.9,77,24,1016
2018-03-18,Anguilla,Mount Fortune,26,25,13,ESE,0.9,73,23,1014
2018-03-19,Anguilla,Mount Fortune,26,25,12,ESE,0.2,69,43,1013
2018-03-20,Anguilla,Mount Fortune,26,26,20,E,0.1,73,37,1015
2018-03-21,Anguilla,Mount Fortune,27,26,26,E,1.0,78,39,1017
2018-03-22,Anguilla,Mount Fortune,27,26,27,ESE,1.1,78,25,1017
2018-03-23,Anguilla,Mount Fortune,26,26,23,ESE,1.3,77,27,1017
2018-03-24,Anguilla,Mount Fortune,26,25,16,E,1.2,75,46,1016
2018-03-25,Anguilla,Mount Fortune,26,25,18,E,0.3,74,39,1016
2018-03-26,Anguilla,Mount Fortune,26,25,16,E,1.5,75,34,1016
2018-03-27,Anguilla,Mount Fortune,26,25,16,E,1.9,74,41,1015
2018-03-28,Anguilla,Mount Fortune,26,25,20,NNE,0.8,73,48,1015
2018-03-29,Anguilla,Mount Fortune,25,24,25,NNE,0.2,71,32,1016
2018-03-30,Anguilla,Mount Fortune,25,24,22,NE,0.0,67,26,1015
2018-03-31,Anguilla,Mount Fortune,26,25,15,NE,0.3,65,39,1014
2018-04-01,Anguilla,Mount Fortune,26,25,13,ENE,0.0,62,25,1014
2018-04-02,Anguilla,Mount Fortune,26,25,13,E,0.0,66,43,1014
2018-04-03,Anguilla,Mount Fortune,26,25,18,E,0.1,76,27,1014
2018-04-04,Anguilla,Mount Fortune,26,26,19,E,1.2,78,25,1014
2018-04-05,Anguilla,Mount Fortune,26,26,22,E,0.4,76,31,1014
2018-04-06,Anguilla,Mount Fortune,26,26,25,ENE,0.2,78,37,1015
2018-04-07,Anguilla,Mount Fortune,27,25,18,E,0.8,77,46,1015
2018-04-08,Anguilla,Mount Fortune,27,26,22,ESE,4.7,77,25,1016
2018-04-09,Anguilla,Mount Fortune,27,26,27,E,0.5,76,38,1018
2018-04-10,Anguilla,Mount Fortune,26,26,32,E,2.1,76,39,1018
2018-04-11,Anguilla,Mount Fortune,26,26,30,E,2.3,75,35,1017
2018-04-12,Anguilla,Mount Fortune,26,26,27,ESE,3.5,76,32,1017
2018-04-13,Anguilla,Mount Fortune,26,26,32,E,1.9,75,35,1018
2018-04-14,Anguilla,Mount Fortune,26,25,33,E,5.0,75,39,1019
2018-04-15,Anguilla,Mount Fortune,26,26,28,E,4.7,75,36,1019
2018-04-16,Anguilla,Mount Fortune,26,26,29,E,5.1,78,47,1018
2018-04-17,Anguilla,Mount Fortune,26,25,22,ESE,8.5,77,23,1017
2018-04-18,Anguilla,Mount Fortune,27,26,28,ESE,21.2,78,34,1018
2018-04-19,Anguilla,Mount Fortune,26,26,30,E,1.7,75,33,1019
2018-04-20,Anguilla,Mount Fortune,27,26,30,E,2.3,78,43,1018
2018-04-21,Anguilla,Mount Fortune,26,26,29,E,4.5,76,40,1017
2018-04-22,Anguilla,Mount Fortune,26,26,26,E,1.7,76,36,1016
2018-04-23,Anguilla,Mount Fortune,26,26,28,E,10.8,78,59,1017
2018-04-24,Anguilla,Mount Fortune,26,25,23,ENE,0.5,77,43,1017
2018-04-25,Anguilla,Mount Fortune,26,26,26,ESE,9.9,80,40,1016
2018-04-26,Anguilla,Mount Fortune,27,26,27,ESE,8.5,78,42,1016
2018-04-27,Anguilla,Mount Fortune,27,26,27,E,0.6,76,41,1016
2018-04-28,Anguilla,Mount Fortune,26,26,27,E,0.4,76,29,1017
2018-04-29,Anguilla,Mount Fortune,27,26,27,E,0.2,74,30,1018
2018-04-30,Anguilla,Mount Fortune,27,26,29,ESE,2.4,77,45,1018
2018-05-01,Anguilla,Mount Fortune,27,26,28,E,0.8,76,30,1018
2018-05-02,Anguilla,Mount Fortune,27,26,24,E,0.7,76,34,1018
2018-05-03,Anguilla,Mount Fortune,26,26,31,ESE,6.8,79,46,1017
2018-05-04,Anguilla,Mount Fortune,27,26,33,E,3.9,79,52,1017
2018-05-05,Anguilla,Mount Fortune,27,26,35,E,5.3,77,40,1018
2018-05-06,Anguilla,Mount Fortune,27,26,33,E,1.4,77,39,1019
2018-05-07,Anguilla,Mount Fortune,26,26,31,E,2.5,76,34,1019
2018-05-08,Anguilla,Mount Fortune,27,26,31,E,3.1,76,34,1018
2018-05-09,Anguilla,Mount Fortune,26,26,31,E,2.2,76,37,1018
2018-05-10,Anguilla,Mount Fortune,27,26,27,E,1.0,75,35,1018
2018-05-11,Anguilla,Mount Fortune,27,26,26,E,1.6,75,32,1018
2018-05-12,Anguilla,Mount Fortune,27,26,28,E,0.6,76,28,1018
2018-05-13,Anguilla,Mount Fortune,27,26,27,E,1.3,77,37,1017
2018-05-14,Anguilla,Mount Fortune,26,26,28,E,2.8,79,42,1017
2018-05-15,Anguilla,Mount Fortune,26,26,30,E,0.8,75,31,1018
2018-05-16,Anguilla,Mount Fortune,26,26,32,E,2.0,76,41,1017
2018-05-17,Anguilla,Mount Fortune,26,26,32,E,1.3,76,38,1017
2018-05-18,Anguilla,Mount Fortune,26,26,34,E,1.4,77,41,1016
2018-05-19,Anguilla,Mount Fortune,26,26,34,E,10.7,78,46,1017
2018-05-20,Anguilla,Mount Fortune,26,26,30,ENE,2.8,78,44,1017
2018-05-21,Anguilla,Mount Fortune,26,26,27,E,3.4,80,50,1016
2018-05-22,Anguilla,Mount Fortune,26,26,28,E,3.8,79,46,1017
2018-05-23,Anguilla,Mount Fortune,27,26,27,E,1.6,80,42,1018
2018-05-24,Anguilla,Mount Fortune,27,26,24,E,1.2,80,44,1018
2018-05-25,Anguilla,Mount Fortune,27,26,24,E,1.5,79,32,1017
2018-05-26,Anguilla,Mount Fortune,27,26,22,E,0.6,79,23,1016
2018-05-27,Anguilla,Mount Fortune,27,27,23,ESE,2.1,81,42,1017
2018-05-28,Anguilla,Mount Fortune,27,26,28,E,2.6,79,47,1018
2018-05-29,Anguilla,Mount Fortune,27,26,28,E,2.0,78,37,1018
2018-05-30,Anguilla,Mount Fortune,27,26,25,E,2.1,79,43,1017
2018-05-31,Anguilla,Mount Fortune,27,26,22,E,1.2,77,38,1016
2018-06-01,Anguilla,Mount Fortune,27,27,21,E,0.5,79,43,1015
2018-06-02,Anguilla,Mount Fortune,28,27,21,ESE,0.2,80,27,1016
2018-06-03,Anguilla,Mount Fortune,27,27,19,ESE,0.1,78,47,1018
2018-06-04,Anguilla,Mount Fortune,27,26,21,E,0.3,79,57,1018
2018-06-05,Anguilla,Mount Fortune,27,26,22,E,0.3,79,52,1017
2018-06-06,Anguilla,Mount Fortune,28,27,23,E,0.6,81,57,1016
2018-06-07,Anguilla,Mount Fortune,28,27,25,E,0.9,78,29,1018
2018-06-08,Anguilla,Mount Fortune,28,27,28,E,1.5,77,35,1019
2018-06-09,Anguilla,Mount Fortune,28,27,29,E,3.0,77,40,1018
2018-06-10,Anguilla,Mount Fortune,28,27,28,E,6.4,78,37,1018
2018-06-11,Anguilla,Mount Fortune,28,27,30,E,0.7,78,32,1018
2018-06-12,Anguilla,Mount Fortune,28,27,29,E,0.2,80,17,1019
2018-06-13,Anguilla,Mount Fortune,28,27,26,E,0.5,78,69,1020
2018-06-14,Anguilla,Mount Fortune,27,27,23,ENE,0.7,75,30,1019
2018-06-15,Anguilla,Mount Fortune,27,27,21,E,0.7,75,30,1018
2018-06-16,Anguilla,Mount Fortune,28,27,21,E,0.4,78,20,1018
2018-06-17,Anguilla,Mount Fortune,28,27,21,ESE,0.2,77,9,1018
2018-06-18,Anguilla,Mount Fortune,28,27,23,ESE,0.3,81,41,1018
2018-06-19,Anguilla,Mount Fortune,28,27,26,SE,7.8,81,46,1017
2018-06-20,Anguilla,Mount Fortune,28,27,23,ESE,0.0,80,65,1017
2018-06-21,Anguilla,Mount Fortune,27,27,25,E,0.7,77,51,1018
2018-06-22,Anguilla,Mount Fortune,27,27,28,E,16.8,79,63,1018
2018-06-23,Anguilla,Mount Fortune,28,27,28,ESE,7.4,79,35,1018
2018-06-24,Anguilla,Mount Fortune,28,27,30,E,0.5,78,26,1019
2018-06-25,Anguilla,Mount Fortune,27,27,27,E,0.6,79,48,1019
2018-06-26,Anguilla,Mount Fortune,27,27,21,E,0.5,80,64,1018
2018-06-27,Anguilla,Mount Fortune,27,27,22,E,0.2,75,31,1017
2018-06-28,Anguilla,Mount Fortune,28,27,26,E,0.7,77,38,1017
2018-06-29,Anguilla,Mount Fortune,28,27,26,E,0.4,79,36,1018
2018-06-30,Anguilla,Mount Fortune,28,27,25,E,0.4,77,92,1017
2018-07-01,Anguilla,Mount Fortune,27,27,21,E,0.4,80,19,1016
2018-07-02,Anguilla,Mount Fortune,28,27,24,E,0.3,81,23,1016
2018-07-03,Anguilla,Mount Fortune,28,27,27,E,0.2,79,60,1017
2018-07-04,Anguilla,Mount Fortune,28,27,28,E,1.3,78,41,1018
2018-07-05,Anguilla,Mount Fortune,28,27,26,E,0.9,77,35,1018
2018-07-06,Anguilla,Mount Fortune,28,27,29,E,0.7,77,30,1017
2018-07-07,Anguilla,Mount Fortune,27,27,31,ENE,0.6,78,21,1018
2018-07-08,Anguilla,Mount Fortune,28,27,33,ENE,1.0,81,49,1017
2018-07-09,Anguilla,Mount Fortune,28,28,37,E,8.1,80,64,1017
2018-07-10,Anguilla,Mount Fortune,28,28,30,E,0.3,78,45,1017
2018-07-11,Anguilla,Mount Fortune,28,27,26,E,0.5,77,30,1018
2018-07-12,Anguilla,Mount Fortune,28,27,26,E,1.2,76,32,1019
2018-07-13,Anguilla,Mount Fortune,28,27,28,E,0.6,76,26,1019
2018-07-14,Anguilla,Mount Fortune,28,27,27,E,0.7,80,27,1018
2018-07-15,Anguilla,Mount Fortune,28,27,29,E,1.8,81,46,1018
2018-07-16,Anguilla,Mount Fortune,28,27,29,E,5.8,81,36,1019
2018-07-17,Anguilla,Mount Fortune,28,27,25,E,0.5,81,36,1019
2018-07-18,Anguilla,Mount Fortune,28,27,27,E,5.0,80,34,1017
2018-07-19,Anguilla,Mount Fortune,28,27,28,E,19.0,81,43,1017
2018-07-20,Anguilla,Mount Fortune,28,27,26,E,0.8,79,48,1018
2018-07-21,Anguilla,Mount Fortune,28,27,22,E,1.2,78,42,1017
2018-07-22,Anguilla,Mount Fortune,28,27,24,E,4.2,77,39,1016
2018-07-23,Anguilla,Mount Fortune,28,27,27,E,4.0,76,45,1017
2018-07-24,Anguilla,Mount Fortune,28,28,26,E,4.1,78,31,1018
2018-07-25,Anguilla,Mount Fortune,28,27,27,ESE,2.9,80,40,1018
2018-07-26,Anguilla,Mount Fortune,28,27,26,E,0.6,78,21,1018
2018-07-27,Anguilla,Mount Fortune,28,27,24,E,1.9,79,38,1018
2018-07-28,Anguilla,Mount Fortune,28,27,27,E,3.7,77,30,1018
2018-07-29,Anguilla,Mount Fortune,28,27,28,E,1.0,77,20,1018
2018-07-30,Anguilla,Mount Fortune,28,28,30,E,0.7,80,36,1018
2018-07-31,Anguilla,Mount Fortune,28,27,26,E,1.5,77,25,1017
2018-08-01,Anguilla,Mount Fortune,28,27,27,E,0.7,77,35,1017
2018-08-02,Anguilla,Mount Fortune,28,27,26,E,0.4,76,35,1017
2018-08-03,Anguilla,Mount Fortune,28,28,26,E,2.1,77,28,1017
2018-08-04,Anguilla,Mount Fortune,28,27,26,E,1.2,81,44,1016
2018-08-05,Anguilla,Mount Fortune,28,27,24,E,0.4,83,46,1016
2018-08-06,Anguilla,Mount Fortune,28,27,22,E,0.2,83,55,1017
2018-08-07,Anguilla,Mount Fortune,28,27,18,E,0.3,79,77,1018
2018-08-08,Anguilla,Mount Fortune,28,27,17,ENE,0.3,77,34,1018
2018-08-09,Anguilla,Mount Fortune,28,28,18,ESE,0.7,74,20,1017
2018-08-10,Anguilla,Mount Fortune,28,28,24,E,0.2,78,36,1017
2018-08-11,Anguilla,Mount Fortune,28,28,27,E,0.6,81,42,1018
2018-08-12,Anguilla,Mount Fortune,28,28,31,E,1.8,75,22,1018
2018-08-13,Anguilla,Mount Fortune,28,28,28,E,3.6,79,54,1016
2018-08-14,Anguilla,Mount Fortune,29,28,24,E,1.0,79,47,1015
2018-08-15,Anguilla,Mount Fortune,29,28,25,E,14.3,78,45,1016
2018-08-16,Anguilla,Mount Fortune,28,28,27,E,2.4,80,42,1018
2018-08-17,Anguilla,Mount Fortune,29,28,24,E,2.5,77,28,1018
2018-08-18,Anguilla,Mount Fortune,28,27,23,E,1.5,76,30,1017
2018-08-19,Anguilla,Mount Fortune,28,27,27,E,2.1,76,43,1017
2018-08-20,Anguilla,Mount Fortune,28,28,26,E,3.0,77,39,1018
2018-08-21,Anguilla,Mount Fortune,28,28,25,E,0.9,78,48,1018
2018-08-22,Anguilla,Mount Fortune,28,28,28,E,5.3,78,40,1017
2018-08-23,Anguilla,Mount Fortune,28,28,23,E,2.3,77,34,1016
2018-08-24,Anguilla,Mount Fortune,28,28,20,ESE,4.8,75,44,1015
2018-08-25,Anguilla,Mount Fortune,28,28,28,E,2.0,76,41,1017
2018-08-26,Anguilla,Mount Fortune,28,28,28,E,3.7,76,43,1017
2018-08-27,Anguilla,Mount Fortune,28,28,26,E,1.6,78,51,1016
2018-08-28,Anguilla,Mount Fortune,29,28,28,E,5.5,79,35,1016
2018-08-29,Anguilla,Mount Fortune,28,28,33,E,14.6,80,54,1015
2018-08-30,Anguilla,Mount Fortune,28,27,28,E,23.8,79,61,1016
2018-08-31,Anguilla,Mount Fortune,28,28,28,E,1.8,78,55,1015
2018-09-01,Anguilla,Mount Fortune,28,28,24,ENE,0.4,77,46,1015
2018-09-02,Anguilla,Mount Fortune,28,28,25,ENE,1.4,78,50,1014
2018-09-03,Anguilla,Mount Fortune,28,28,20,E,1.9,80,46,1014
2018-09-04,Anguilla,Mount Fortune,29,28,18,E,2.0,81,48,1014
2018-09-05,Anguilla,Mount Fortune,28,28,18,ENE,1.2,78,31,1014
2018-09-06,Anguilla,Mount Fortune,28,28,19,E,1.0,78,40,1015
2018-09-07,Anguilla,Mount Fortune,29,28,19,ENE,0.1,77,32,1015
2018-09-08,Anguilla,Mount Fortune,29,28,14,E,0.1,75,39,1014
2018-09-09,Anguilla,Mount Fortune,29,28,8,SSE,0.0,69,44,1013
2018-09-10,Anguilla,Mount Fortune,29,28,6,E,0.7,70,44,1013
2018-09-11,Anguilla,Mount Fortune,29,28,14,E,0.0,71,44,1014
2018-09-12,Anguilla,Mount Fortune,29,28,24,ENE,7.6,78,41,1013
2018-09-13,Anguilla,Mount Fortune,29,28,38,ENE,1.4,77,35,1012
2018-09-14,Anguilla,Mount Fortune,28,28,26,ESE,30.4,76,40,1011
2018-09-15,Anguilla,Mount Fortune,29,28,11,SE,12.4,73,23,1012
2018-09-16,Anguilla,Mount Fortune,29,28,11,SE,4.7,74,23,1013
2018-09-17,Anguilla,Mount Fortune,29,28,18,E,0.4,77,26,1015
2018-09-18,Anguilla,Mount Fortune,29,28,22,E,0.8,80,36,1015
2018-09-19,Anguilla,Mount Fortune,29,28,29,E,3.9,81,41,1015
2018-09-20,Anguilla,Mount Fortune,29,28,24,E,1.2,79,20,1016
2018-09-21,Anguilla,Mount Fortune,28,28,25,ENE,0.9,79,49,1014
2018-09-22,Anguilla,Mount Fortune,29,28,19,ENE,1.2,76,42,1013
2018-09-23,Anguilla,Mount Fortune,29,28,22,E,1.3,75,38,1013
2018-09-24,Anguilla,Mount Fortune,28,28,27,E,7.5,76,45,1015
2018-09-25,Anguilla,Mount Fortune,29,28,30,E,6.9,78,44,1015
2018-09-26,Anguilla,Mount Fortune,29,28,25,ENE,9.1,79,50,1013
2018-09-27,Anguilla,Mount Fortune,29,28,26,E,2.6,79,53,1013
2018-09-28,Anguilla,Mount Fortune,28,27,28,E,10.5,76,39,1014
2018-09-29,Anguilla,Mount Fortune,29,28,20,ESE,1.5,76,31,1014
2018-09-30,Anguilla,Mount Fortune,29,28,13,E,0.0,75,53,1013
2018-10-01,Anguilla,Mount Fortune,28,28,8,ENE,0.1,71,48,1013
2018-10-02,Anguilla,Mount Fortune,28,27,3,S,0.0,66,19,1012
2018-10-03,Anguilla,Mount Fortune,28,27,4,ESE,0.0,68,22,1012
2018-10-04,Anguilla,Mount Fortune,28,28,13,ESE,12.9,75,86,1013
2018-10-05,Anguilla,Mount Fortune,29,28,23,ESE,9.6,77,60,1014
2018-10-06,Anguilla,Mount Fortune,28,28,24,E,4.6,77,68,1014
2018-10-07,Anguilla,Mount Fortune,28,28,27,E,8.0,78,64,1014
2018-10-08,Anguilla,Mount Fortune,29,28,25,ESE,8.3,79,51,1014
2018-10-09,Anguilla,Mount Fortune,28,28,29,ENE,12.3,79,60,1014
2018-10-10,Anguilla,Mount Fortune,28,28,24,ENE,1.2,77,43,1013
2018-10-11,Anguilla,Mount Fortune,28,28,19,E,13.3,78,41,1012
2018-10-12,Anguilla,Mount Fortune,28,28,19,ESE,6.6,78,35,1013
2018-10-13,Anguilla,Mount Fortune,27,27,18,ESE,55.9,77,72,1015
2018-10-14,Anguilla,Mount Fortune,28,28,24,E,7.0,76,55,1015
2018-10-15,Anguilla,Mount Fortune,29,28,27,ENE,19.7,77,40,1015
2018-10-16,Anguilla,Mount Fortune,28,28,30,ENE,6.3,79,52,1014
2018-10-17,Anguilla,Mount Fortune,28,28,34,E,11.3,79,50,1014
2018-10-18,Anguilla,Mount Fortune,28,28,29,ENE,2.6,77,36,1014
2018-10-19,Anguilla,Mount Fortune,28,27,24,ENE,2.1,75,32,1013
2018-10-20,Anguilla,Mount Fortune,28,27,20,ENE,3.2,76,44,1011
2018-10-21,Anguilla,Mount Fortune,28,28,20,E,5.2,77,39,1011
2018-10-22,Anguilla,Mount Fortune,28,27,21,E,8.9,78,38,1013
2018-10-23,Anguilla,Mount Fortune,28,28,18,ENE,2.8,76,43,1013
2018-10-24,Anguilla,Mount Fortune,28,28,12,ENE,0.5,72,58,1013
2018-10-25,Anguilla,Mount Fortune,28,27,6,ESE,0.0,66,39,1012
2018-10-26,Anguilla,Mount Fortune,28,27,9,NE,0.0,69,33,1013
2018-10-27,Anguilla,Mount Fortune,28,28,15,ENE,0.9,72,56,1014
2018-10-28,Anguilla,Mount Fortune,28,27,16,ENE,2.3,71,39,1013
2018-10-29,Anguilla,Mount Fortune,28,27,9,SSE,1.3,67,41,1013
2018-10-30,Anguilla,Mount Fortune,28,27,6,S,1.5,68,44,1013
2018-10-31,Anguilla,Mount Fortune,28,27,7,E,2.2,71,43,1015
2018-11-01,Anguilla,Mount Fortune,28,28,20,ENE,0.6,77,36,1015
2018-11-02,Anguilla,Mount Fortune,28,28,31,ENE,5.8,77,40,1015
2018-11-03,Anguilla,Mount Fortune,28,27,33,ENE,7.3,78,62,1015
2018-11-04,Anguilla,Mount Fortune,28,27,27,ENE,4.2,77,45,1014
2018-11-05,Anguilla,Mount Fortune,27,27,28,ENE,11.9,78,59,1013
2018-11-06,Anguilla,Mount Fortune,27,27,21,E,24.5,79,55,1012
2018-11-07,Anguilla,Mount Fortune,28,27,22,E,13.6,79,38,1012
2018-11-08,Anguilla,Mount Fortune,28,28,23,ESE,10.3,78,30,1012
2018-11-09,Anguilla,Mount Fortune,28,28,20,E,5.9,80,40,1013
2018-11-10,Anguilla,Mount Fortune,28,27,24,ESE,18.4,79,30,1013
2018-11-11,Anguilla,Mount Fortune,28,28,25,E,11.5,78,39,1013
2018-11-12,Anguilla,Mount Fortune,28,28,29,ENE,10.8,78,40,1013
2018-11-13,Anguilla,Mount Fortune,28,27,30,E,39.3,78,44,1014
2018-11-14,Anguilla,Mount Fortune,28,28,36,E,20.2,77,37,1015
2018-11-15,Anguilla,Mount Fortune,28,27,30,E,2.0,76,29,1015
2018-11-16,Anguilla,Mount Fortune,28,27,34,E,4.6,79,54,1015
2018-11-17,Anguilla,Mount Fortune,27,27,27,E,0.1,77,49,1015
2018-11-18,Anguilla,Mount Fortune,28,27,25,E,0.1,76,38,1016
2018-11-19,Anguilla,Mount Fortune,28,27,29,E,0.3,75,37,1016
2018-11-20,Anguilla,Mount Fortune,27,27,28,E,2.7,78,47,1016
2018-11-21,Anguilla,Mount Fortune,28,27,28,E,0.4,73,21,1016
2018-11-22,Anguilla,Mount Fortune,27,26,24,E,0.0,74,37,1016
2018-11-23,Anguilla,Mount Fortune,27,26,19,E,0.5,75,40,1014
2018-11-24,Anguilla,Mount Fortune,27,27,15,E,2.6,76,26,1014
2018-11-25,Anguilla,Mount Fortune,28,27,11,ESE,2.2,78,28,1015
2018-11-26,Anguilla,Mount Fortune,27,27,9,E,2.1,76,45,1015
2018-11-27,Anguilla,Mount Fortune,27,27,11,E,0.7,73,59,1014
2018-11-28,Anguilla,Mount Fortune,27,27,12,SE,0.0,65,20,1014
2018-11-29,Anguilla,Mount Fortune,27,27,15,ENE,1.0,71,25,1016
2018-11-30,Anguilla,Mount Fortune,27,27,22,ENE,4.9,76,42,1017
2018-12-01,Anguilla,Mount Fortune,27,27,25,E,1.4,75,33,1017
2018-12-02,Anguilla,Mount Fortune,27,27,27,E,2.6,75,32,1017
2018-12-03,Anguilla,Mount Fortune,27,27,29,E,2.6,75,38,1016
2018-12-04,Anguilla,Mount Fortune,27,27,24,E,2.8,75,33,1015
2018-12-05,Anguilla,Mount Fortune,27,26,25,E,1.4,75,38,1016
2018-12-06,Anguilla,Mount Fortune,27,26,23,ENE,1.1,75,28,1018
2018-12-07,Anguilla,Mount Fortune,27,27,26,ENE,1.9,77,40,1019
2018-12-08,Anguilla,Mount Fortune,27,27,28,E,1.9,75,48,1018
2018-12-09,Anguilla,Mount Fortune,27,26,28,E,0.4,72,28,1019
2018-12-10,Anguilla,Mount Fortune,27,27,27,ESE,1.1,73,25,1018
2018-12-11,Anguilla,Mount Fortune,27,26,22,ESE,1.0,76,38,1019
2018-12-12,Anguilla,Mount Fortune,26,26,18,ESE,4.1,77,34,1018
2018-12-13,Anguilla,Mount Fortune,27,26,26,ENE,2.0,74,24,1018
2018-12-14,Anguilla,Mount Fortune,27,26,31,E,5.1,76,31,1019
2018-12-15,Anguilla,Mount Fortune,27,26,29,E,1.3,75,41,1020
2018-12-16,Anguilla,Mount Fortune,27,26,26,E,3.0,74,29,1019
2018-12-17,Anguilla,Mount Fortune,27,26,18,ESE,1.5,71,20,1018
2018-12-18,Anguilla,Mount Fortune,27,26,15,ESE,1.0,70,22,1017
2018-12-19,Anguilla,Mount Fortune,26,26,22,ESE,5.6,76,28,1017
2018-12-20,Anguilla,Mount Fortune,26,26,25,E,0.0,76,28,1017
2018-12-21,Anguilla,Mount Fortune,27,26,24,E,0.7,75,37,1017
2018-12-22,Anguilla,Mount Fortune,26,26,25,E,1.9,79,44,1017
2018-12-23,Anguilla,Mount Fortune,26,26,23,E,1.7,75,29,1018
2018-12-24,Anguilla,Mount Fortune,26,26,26,E,0.5,76,36,1017
2018-12-25,Anguilla,Mount Fortune,27,26,26,E,2.0,74,40,1017
2018-12-26,Anguilla,Mount Fortune,26,26,28,ENE,0.8,76,46,1017
2018-12-27,Anguilla,Mount Fortune,27,26,31,ENE,1.2,76,34,1018
2018-12-28,Anguilla,Mount Fortune,26,26,40,ENE,5.7,75,48,1019
2018-12-29,Anguilla,Mount Fortune,26,26,37,ENE,4.4,75,46,1019
2018-12-30,Anguilla,Mount Fortune,26,25,31,ENE,1.4,70,16,1019
2018-12-31,Anguilla,Mount Fortune,26,20,27,ENE,0.6,70,17,1019
2019-01-01,Anguilla,Mount Fortune,26,25,25,ENE,1.6,74,32,1018
2019-01-02,Anguilla,Mount Fortune,26,23,26,ENE,0.6,76,39,1018
2019-01-03,Anguilla,Mount Fortune,26,25,28,E,0.4,73,19,1018
2019-01-04,Anguilla,Mount Fortune,26,26,28,E,1.0,76,34,1019
2019-01-05,Anguilla,Mount Fortune,27,26,26,E,0.7,72,22,1018
2019-01-06,Anguilla,Mount Fortune,26,25,25,E,2.9,75,25,1018
2019-01-07,Anguilla,Mount Fortune,26,25,25,E,2.2,76,34,1018
2019-01-08,Anguilla,Mount Fortune,25,25,20,NE,5.9,77,34,1018
2019-01-09,Anguilla,Mount Fortune,25,25,20,E,4.9,74,28,1016
2019-01-10,Anguilla,Mount Fortune,26,25,16,SE,0.8,72,29,1015
2019-01-11,Anguilla,Mount Fortune,26,25,14,ESE,0.0,71,52,1016
2019-01-12,Anguilla,Mount Fortune,26,25,15,E,10.0,75,34,1018
2019-01-13,Anguilla,Mount Fortune,26,25,20,ENE,4.5,76,33,1018
2019-01-14,Anguilla,Mount Fortune,26,25,19,ENE,1.8,73,26,1018
2019-01-15,Anguilla,Mount Fortune,26,25,17,E,0.0,69,14,1017
2019-01-16,Anguilla,Mount Fortune,26,25,18,ESE,2.5,77,35,1018
2019-01-17,Anguilla,Mount Fortune,26,25,16,ESE,1.5,72,39,1018
2019-01-18,Anguilla,Mount Fortune,26,25,15,ENE,0.0,67,30,1017
2019-01-19,Anguilla,Mount Fortune,26,25,19,ENE,2.3,74,29,1018
2019-01-20,Anguilla,Mount Fortune,26,25,23,ENE,3.0,76,34,1018
2019-01-21,Anguilla,Mount Fortune,26,25,17,E,4.1,77,35,1019
2019-01-22,Anguilla,Mount Fortune,26,25,19,ENE,0.8,75,32,1020
2019-01-23,Anguilla,Mount Fortune,26,25,25,ENE,5.7,76,35,1020
2019-01-24,Anguilla,Mount Fortune,26,25,22,E,7.3,77,50,1019
2019-01-25,Anguilla,Mount Fortune,25,25,26,E,5.9,75,41,1019
2019-01-26,Anguilla,Mount Fortune,26,25,26,E,0.5,71,11,1018
2019-01-27,Anguilla,Mount Fortune,26,25,25,E,2.1,73,19,1017
2019-01-28,Anguilla,Mount Fortune,26,25,23,E,0.0,72,23,1017
2019-01-29,Anguilla,Mount Fortune,25,20,20,E,1.4,72,27,1016
2019-01-30,Anguilla,Mount Fortune,25,20,21,E,4.9,74,56,1017
2019-01-31,Anguilla,Mount Fortune,25,19,23,ENE,1.9,73,56,1017
2019-02-01,Anguilla,Mount Fortune,25,20,24,ENE,2.9,73,53,1017
2019-02-02,Anguilla,Mount Fortune,25,19,22,ENE,0.4,75,58,1017
2019-02-03,Anguilla,Mount Fortune,26,25,16,E,3.2,76,35,1016
2019-02-04,Anguilla,Mount Fortune,26,25,18,E,1.1,77,43,1015
2019-02-05,Anguilla,Mount Fortune,26,25,17,ESE,4.1,78,46,1015
2019-02-06,Anguilla,Mount Fortune,26,25,18,ESE,2.8,75,30,1015
2019-02-07,Anguilla,Mount Fortune,26,25,19,ESE,2.0,73,32,1015
2019-02-08,Anguilla,Mount Fortune,26,25,23,E,1.0,77,39,1016
2019-02-09,Anguilla,Mount Fortune,26,25,25,ENE,11.0,76,33,1017
2019-02-10,Anguilla,Mount Fortune,26,25,25,ENE,7.7,76,34,1018
2019-02-11,Anguilla,Mount Fortune,26,25,27,ENE,2.7,75,30,1018
2019-02-12,Anguilla,Mount Fortune,26,25,30,E,3.8,76,34,1019
2019-02-13,Anguilla,Mount Fortune,26,25,30,E,2.7,75,28,1018
2019-02-14,Anguilla,Mount Fortune,26,25,28,ESE,3.4,77,38,1017
2019-02-15,Anguilla,Mount Fortune,26,26,27,SE,1.4,75,20,1017
2019-02-16,Anguilla,Mount Fortune,26,26,23,SE,3.8,78,24,1017
2019-02-17,Anguilla,Mount Fortune,26,26,22,ESE,2.5,79,27,1019
2019-02-18,Anguilla,Mount Fortune,26,25,24,E,0.0,72,7,1020
2019-02-19,Anguilla,Mount Fortune,26,25,26,ENE,1.6,72,20,1020
2019-02-20,Anguilla,Mount Fortune,26,25,31,ENE,5.6,74,29,1019
2019-02-21,Anguilla,Mount Fortune,26,25,33,E,1.9,73,42,1019
2019-02-22,Anguilla,Mount Fortune,26,25,25,ENE,1.5,78,35,1020
2019-02-23,Anguilla,Mount Fortune,26,25,27,ENE,1.8,72,36,1020
2019-02-24,Anguilla,Mount Fortune,26,25,27,ENE,1.3,71,28,1019
2019-02-25,Anguilla,Mount Fortune,26,25,26,ENE,2.3,76,41,1019
2019-02-26,Anguilla,Mount Fortune,25,25,28,ENE,3.0,77,42,1020
2019-02-27,Anguilla,Mount Fortune,25,25,25,ENE,1.2,78,39,1019
2019-02-28,Anguilla,Mount Fortune,26,25,26,E,0.8,77,38,1019
2019-03-01,Anguilla,Mount Fortune,26,25,27,ESE,2.2,75,24,1019
2019-03-02,Anguilla,Mount Fortune,26,25,25,E,0.2,74,25,1019
2019-03-03,Anguilla,Mount Fortune,26,25,25,ESE,1.1,75,32,1018
2019-03-04,Anguilla,Mount Fortune,26,25,28,ESE,3.1,77,39,1018
2019-03-05,Anguilla,Mount Fortune,25,25,32,E,1.5,76,33,1018
2019-03-06,Anguilla,Mount Fortune,25,25,29,E,3.6,79,49,1018
2019-03-07,Anguilla,Mount Fortune,26,25,25,E,0.6,76,38,1018
2019-03-08,Anguilla,Mount Fortune,26,25,28,E,1.5,76,35,1017
2019-03-09,Anguilla,Mount Fortune,25,25,28,E,1.9,76,36,1017
2019-03-10,Anguilla,Mount Fortune,26,25,27,ENE,1.4,76,38,1018
2019-03-11,Anguilla,Mount Fortune,25,25,30,ENE,3.8,76,38,1017
2019-03-12,Anguilla,Mount Fortune,26,25,21,E,2.9,75,39,1016
2019-03-13,Anguilla,Mount Fortune,26,25,17,ESE,0.9,73,48,1016
2019-03-14,Anguilla,Mount Fortune,26,25,18,E,0.0,72,33,1017
2019-03-15,Anguilla,Mount Fortune,26,25,22,ENE,0.3,73,20,1017
2019-03-16,Anguilla,Mount Fortune,26,25,21,ENE,0.8,73,36,1017
2019-03-17,Anguilla,Mount Fortune,26,25,26,E,2.7,76,33,1017
2019-03-18,Anguilla,Mount Fortune,26,25,28,E,0.3,70,7,1017
2019-03-19,Anguilla,Mount Fortune,26,25,27,E,0.9,73,22,1017
2019-03-20,Anguilla,Mount Fortune,26,25,25,E,1.0,74,20,1016
2019-03-21,Anguilla,Mount Fortune,26,25,19,E,2.3,75,26,1015
2019-03-22,Anguilla,Mount Fortune,26,25,26,ESE,0.0,76,25,1016
2019-03-23,Anguilla,Mount Fortune,26,25,26,ESE,0.3,75,10,1018
2019-03-24,Anguilla,Mount Fortune,26,26,27,E,1.6,77,26,1018
2019-03-25,Anguilla,Mount Fortune,26,25,34,ESE,0.9,74,16,1017
2019-03-26,Anguilla,Mount Fortune,26,26,31,ESE,3.0,76,19,1015
2019-03-27,Anguilla,Mount Fortune,26,26,23,ESE,0.0,77,28,1015
2019-03-28,Anguilla,Mount Fortune,26,25,24,ESE,0.2,78,29,1016
2019-03-29,Anguilla,Mount Fortune,26,26,21,SE,2.2,76,14,1015
2019-03-30,Anguilla,Mount Fortune,27,25,17,ESE,0.6,72,24,1015
2019-03-31,Anguilla,Mount Fortune,27,25,12,SE,1.2,73,42,1016
2019-04-01,Anguilla,Mount Fortune,26,26,20,ESE,6.0,77,35,1016
2019-04-02,Anguilla,Mount Fortune,26,25,27,E,0.3,76,39,1018
2019-04-03,Anguilla,Mount Fortune,26,26,30,E,0.7,75,26,1020
2019-04-04,Anguilla,Mount Fortune,26,25,31,ENE,1.0,75,32,1019
2019-04-05,Anguilla,Mount Fortune,26,25,29,E,1.2,76,37,1018
2019-04-06,Anguilla,Mount Fortune,26,25,32,E,0.8,73,21,1019
2019-04-07,Anguilla,Mount Fortune,26,25,27,E,1.0,75,27,1019
2019-04-08,Anguilla,Mount Fortune,26,25,27,E,1.6,74,30,1018
2019-04-09,Anguilla,Mount Fortune,26,25,27,ESE,3.0,75,37,1016
2019-04-10,Anguilla,Mount Fortune,26,26,29,ESE,1.7,75,32,1016
2019-04-11,Anguilla,Mount Fortune,26,26,29,ESE,3.3,78,39,1016
2019-04-12,Anguilla,Mount Fortune,26,26,28,E,1.6,78,38,1017
2019-04-13,Anguilla,Mount Fortune,26,25,33,E,1.4,78,49,1017
2019-04-14,Anguilla,Mount Fortune,26,25,32,E,1.1,74,28,1017
2019-04-15,Anguilla,Mount Fortune,26,25,29,E,2.1,76,35,1017
2019-04-16,Anguilla,Mount Fortune,26,26,27,E,2.4,75,28,1017
2019-04-17,Anguilla,Mount Fortune,26,25,28,E,2.1,76,40,1016
2019-04-18,Anguilla,Mount Fortune,26,25,29,E,0.9,76,35,1016
2019-04-19,Anguilla,Mount Fortune,26,26,31,E,0.3,74,25,1017
2019-04-20,Anguilla,Mount Fortune,26,26,32,E,1.2,75,37,1018
2019-04-21,Anguilla,Mount Fortune,26,25,30,E,4.0,77,49,1017
2019-04-22,Anguilla,Mount Fortune,26,25,25,ENE,1.5,73,35,1015
2019-04-23,Anguilla,Mount Fortune,26,25,13,E,1.0,68,32,1014
2019-04-24,Anguilla,Mount Fortune,26,25,12,E,0.0,65,17,1015
2019-04-25,Anguilla,Mount Fortune,26,25,17,ENE,0.0,71,43,1017
2019-04-26,Anguilla,Mount Fortune,26,25,25,ENE,0.0,77,27,1017
2019-04-27,Anguilla,Mount Fortune,27,26,25,E,0.6,80,41,1016
2019-04-28,Anguilla,Mount Fortune,27,26,30,ENE,0.7,79,44,1017
2019-04-29,Anguilla,Mount Fortune,26,26,30,E,0.4,75,36,1017
2019-04-30,Anguilla,Mount Fortune,26,26,33,E,1.1,77,35,1018
2019-05-01,Anguilla,Mount Fortune,26,26,34,E,8.3,81,61,1018
2019-05-02,Anguilla,Mount Fortune,26,26,33,E,1.1,77,32,1018
2019-05-03,Anguilla,Mount Fortune,26,26,31,E,1.7,76,28,1018
2019-05-04,Anguilla,Mount Fortune,26,25,32,E,0.7,78,47,1017
2019-05-05,Anguilla,Mount Fortune,26,26,34,E,2.2,78,55,1017
2019-05-06,Anguilla,Mount Fortune,26,26,34,E,4.2,78,56,1017
2019-05-07,Anguilla,Mount Fortune,26,26,29,E,0.0,77,48,1017
2019-05-08,Anguilla,Mount Fortune,27,26,26,E,0.8,76,40,1015
2019-05-09,Anguilla,Mount Fortune,26,26,25,E,3.2,80,48,1015
2019-05-10,Anguilla,Mount Fortune,27,26,20,ESE,1.2,81,27,1015
2019-05-11,Anguilla,Mount Fortune,27,26,27,E,0.0,83,66,1016
2019-05-12,Anguilla,Mount Fortune,27,26,27,ESE,5.4,83,53,1017
2019-05-13,Anguilla,Mount Fortune,27,26,26,ESE,0.1,82,46,1018
2019-05-14,Anguilla,Mount Fortune,27,26,24,ESE,0.2,81,37,1017
2019-05-15,Anguilla,Mount Fortune,27,26,21,ESE,0.2,80,26,1016
2019-05-16,Anguilla,Mount Fortune,27,26,20,ESE,0.7,81,30,1016
2019-05-17,Anguilla,Mount Fortune,27,26,18,E,0.2,79,32,1016
2019-05-18,Anguilla,Mount Fortune,27,27,25,E,1.0,78,38,1015
2019-05-19,Anguilla,Mount Fortune,27,26,25,ESE,1.3,78,34,1016
2019-05-20,Anguilla,Mount Fortune,27,27,25,ESE,0.2,77,31,1016
2019-05-21,Anguilla,Mount Fortune,27,27,26,ESE,1.7,79,42,1015
2019-05-22,Anguilla,Mount Fortune,27,26,25,E,0.3,78,46,1015
2019-05-23,Anguilla,Mount Fortune,27,26,23,ESE,0.4,78,49,1015
2019-05-24,Anguilla,Mount Fortune,27,27,24,ESE,0.7,77,50,1015
2019-05-25,Anguilla,Mount Fortune,27,27,24,E,1.8,80,52,1015
2019-05-26,Anguilla,Mount Fortune,27,27,19,ESE,2.4,80,39,1015
2019-05-27,Anguilla,Mount Fortune,28,27,22,ESE,11.9,79,30,1014
2019-05-28,Anguilla,Mount Fortune,28,27,23,ESE,4.0,80,36,1014
2019-05-29,Anguilla,Mount Fortune,27,27,24,ESE,9.1,80,58,1015
2019-05-30,Anguilla,Mount Fortune,28,27,23,ESE,5.5,78,52,1015
2019-05-31,Anguilla,Mount Fortune,27,26,26,E,8.9,76,51,1015
2019-06-01,Anguilla,Mount Fortune,26,26,38,E,1.3,75,41,1015
2019-06-02,Anguilla,Mount Fortune,27,26,27,SE,3.7,79,34,1015
2019-06-03,Anguilla,Mount Fortune,28,27,19,SE,4.3,81,33,1016
2019-06-04,Anguilla,Mount Fortune,28,27,19,ESE,6.5,81,22,1017
2019-06-05,Anguilla,Mount Fortune,28,27,19,ESE,2.2,81,21,1016
2019-06-06,Anguilla,Mount Fortune,28,27,19,ESE,4.0,80,41,1015
2019-06-07,Anguilla,Mount Fortune,28,27,22,ESE,5.7,80,40,1015
2019-06-08,Anguilla,Mount Fortune,28,27,25,ESE,6.4,81,34,1017
2019-06-09,Anguilla,Mount Fortune,28,27,29,E,0.6,80,31,1018
2019-06-10,Anguilla,Mount Fortune,28,27,29,ESE,0.4,81,40,1018
2019-06-11,Anguilla,Mount Fortune,28,27,25,ENE,0.3,77,34,1018
2019-06-12,Anguilla,Mount Fortune,27,27,28,E,1.1,79,41,1017
2019-06-13,Anguilla,Mount Fortune,27,27,31,E,2.0,78,38,1018
2019-06-14,Anguilla,Mount Fortune,27,27,31,E,1.5,80,55,1017
2019-06-15,Anguilla,Mount Fortune,27,27,33,E,0.7,81,54,1017
2019-06-16,Anguilla,Mount Fortune,27,27,32,E,0.4,81,39,1017
2019-06-17,Anguilla,Mount Fortune,27,27,31,E,0.6,82,47,1018
2019-06-18,Anguilla,Mount Fortune,27,27,32,E,0.2,79,58,1018
2019-06-19,Anguilla,Mount Fortune,28,27,33,E,0.4,79,60,1018
2019-06-20,Anguilla,Mount Fortune,27,27,33,E,0.0,80,37,1019
2019-06-21,Anguilla,Mount Fortune,28,27,27,E,0.0,82,51,1020
2019-06-22,Anguilla,Mount Fortune,27,26,26,E,0.1,77,51,1019
2019-06-23,Anguilla,Mount Fortune,28,27,25,E,0.1,77,23,1018
2019-06-24,Anguilla,Mount Fortune,28,27,24,E,1.6,82,36,1016
2019-06-25,Anguilla,Mount Fortune,28,27,24,ESE,2.3,80,24,1016
2019-06-26,Anguilla,Mount Fortune,28,27,22,E,2.0,79,21,1017
2019-06-27,Anguilla,Mount Fortune,28,27,31,E,3.3,77,45,1017
2019-06-28,Anguilla,Mount Fortune,28,27,34,E,1.7,79,37,1018
2019-06-29,Anguilla,Mount Fortune,28,28,33,E,1.1,81,31,1018
2019-06-30,Anguilla,Mount Fortune,27,27,30,E,0.5,80,57,1017
2019-07-01,Anguilla,Mount Fortune,28,27,26,E,0.1,78,45,1017
2019-07-02,Anguilla,Mount Fortune,28,27,20,E,0.2,77,14,1016
2019-07-03,Anguilla,Mount Fortune,28,27,23,E,2.9,76,27,1016
2019-07-04,Anguilla,Mount Fortune,28,27,33,E,3.4,79,50,1017
2019-07-05,Anguilla,Mount Fortune,28,28,36,E,0.3,77,45,1018
2019-07-06,Anguilla,Mount Fortune,28,27,26,ENE,2.4,77,27,1018
2019-07-07,Anguilla,Mount Fortune,28,27,25,E,1.7,78,31,1017
2019-07-08,Anguilla,Mount Fortune,28,27,29,ESE,3.2,81,43,1017
2019-07-09,Anguilla,Mount Fortune,28,27,31,ESE,0.5,82,28,1019
2019-07-10,Anguilla,Mount Fortune,28,27,27,E,1.2,82,32,1018
2019-07-11,Anguilla,Mount Fortune,28,27,28,ENE,1.3,77,42,1016
2019-07-12,Anguilla,Mount Fortune,28,27,27,E,1.8,77,38,1015
2019-07-13,Anguilla,Mount Fortune,28,27,30,E,7.4,79,46,1016
2019-07-14,Anguilla,Mount Fortune,28,27,32,E,0.9,78,46,1017
2019-07-15,Anguilla,Mount Fortune,28,27,32,E,0.6,81,21,1016
2019-07-16,Anguilla,Mount Fortune,27,27,27,ENE,2.5,79,19,1017
2019-07-17,Anguilla,Mount Fortune,28,27,27,E,0.9,78,40,1017
2019-07-18,Anguilla,Mount Fortune,28,27,28,E,2.8,81,40,1017
2019-07-19,Anguilla,Mount Fortune,28,28,25,E,5.9,81,32,1017
2019-07-20,Anguilla,Mount Fortune,28,27,23,E,2.1,79,28,1016
2019-07-21,Anguilla,Mount Fortune,28,27,25,E,4.2,76,26,1015
2019-07-22,Anguilla,Mount Fortune,28,27,27,E,0.3,79,49,1016
2019-07-23,Anguilla,Mount Fortune,29,28,32,E,0.4,78,40,1017
2019-07-24,Anguilla,Mount Fortune,28,28,32,ENE,0.2,77,36,1017
2019-07-25,Anguilla,Mount Fortune,28,27,33,E,4.1,81,57,1017
2019-07-26,Anguilla,Mount Fortune,28,28,31,E,0.8,82,27,1018
2019-07-27,Anguilla,Mount Fortune,28,28,27,ENE,0.7,81,20,1017
2019-07-28,Anguilla,Mount Fortune,28,27,30,ENE,12.2,79,36,1015
2019-07-29,Anguilla,Mount Fortune,28,27,33,E,66.6,81,50,1014
2019-07-30,Anguilla,Mount Fortune,28,28,28,ESE,10.8,80,42,1014
2019-07-31,Anguilla,Mount Fortune,28,27,30,ESE,16.5,81,39,1015
2019-08-01,Anguilla,Mount Fortune,28,27,28,ENE,0.5,81,36,1015
2019-08-02,Anguilla,Mount Fortune,28,27,27,E,10.9,80,47,1014
2019-08-03,Anguilla,Mount Fortune,28,28,35,E,0.3,79,26,1016
2019-08-04,Anguilla,Mount Fortune,28,28,35,E,0.4,79,40,1017
2019-08-05,Anguilla,Mount Fortune,28,28,34,E,0.7,79,43,1016
2019-08-06,Anguilla,Mount Fortune,28,28,28,E,0.2,80,36,1016
2019-08-07,Anguilla,Mount Fortune,28,28,19,ESE,1.4,78,36,1017
2019-08-08,Anguilla,Mount Fortune,29,28,30,ESE,6.0,80,48,1017
2019-08-09,Anguilla,Mount Fortune,28,28,29,ESE,0.6,82,36,1017
2019-08-10,Anguilla,Mount Fortune,28,28,27,E,0.4,79,33,1017
2019-08-11,Anguilla,Mount Fortune,28,28,26,E,2.1,77,32,1016
2019-08-12,Anguilla,Mount Fortune,28,28,27,E,2.0,80,49,1015
2019-08-13,Anguilla,Mount Fortune,28,28,28,E,1.3,78,45,1016
2019-08-14,Anguilla,Mount Fortune,28,28,28,E,1.6,79,52,1017
2019-08-15,Anguilla,Mount Fortune,28,28,31,E,0.7,81,25,1018
2019-08-16,Anguilla,Mount Fortune,28,28,25,ENE,4.1,80,26,1017
2019-08-17,Anguilla,Mount Fortune,28,27,23,E,1.8,78,43,1016
2019-08-18,Anguilla,Mount Fortune,28,28,26,E,13.6,79,36,1016
2019-08-19,Anguilla,Mount Fortune,28,28,24,E,6.2,80,30,1016
2019-08-20,Anguilla,Mount Fortune,28,28,23,ENE,1.7,78,34,1016
2019-08-21,Anguilla,Mount Fortune,28,27,25,ENE,0.8,77,28,1016
2019-08-22,Anguilla,Mount Fortune,28,28,31,ESE,9.0,77,33,1016
2019-08-23,Anguilla,Mount Fortune,28,28,25,E,5.6,79,30,1016
2019-08-24,Anguilla,Mount Fortune,29,28,26,E,1.1,80,45,1017
2019-08-25,Anguilla,Mount Fortune,28,28,26,E,0.2,79,45,1016
2019-08-26,Anguilla,Mount Fortune,28,28,25,E,0.5,79,26,1016
2019-08-27,Anguilla,Mount Fortune,28,28,28,ENE,5.0,79,38,1014
2019-08-28,Anguilla,Mount Fortune,28,28,30,SE,17.2,79,43,1013
2019-08-29,Anguilla,Mount Fortune,28,28,24,SE,4.1,79,21,1014
2019-08-30,Anguilla,Mount Fortune,28,28,21,E,2.2,80,39,1014
2019-08-31,Anguilla,Mount Fortune,29,28,16,E,0.6,76,37,1014
2019-09-01,Anguilla,Mount Fortune,29,28,9,E,1.3,71,31,1014
2019-09-02,Anguilla,Mount Fortune,29,28,18,ESE,0.4,76,32,1013
2019-09-03,Anguilla,Mount Fortune,29,28,27,E,0.8,77,38,1014
2019-09-04,Anguilla,Mount Fortune,29,28,24,E,1.9,78,29,1015
2019-09-05,Anguilla,Mount Fortune,29,28,21,E,6.4,78,41,1015
2019-09-06,Anguilla,Mount Fortune,29,28,12,E,6.6,74,24,1014
2019-09-07,Anguilla,Mount Fortune,29,28,7,SSE,10.6,72,25,1013
2019-09-08,Anguilla,Mount Fortune,29,28,10,SE,0.0,69,38,1015
2019-09-09,Anguilla,Mount Fortune,29,29,12,ESE,0.1,69,53,1015
2019-09-10,Anguilla,Mount Fortune,29,28,20,E,1.7,75,38,1014
2019-09-11,Anguilla,Mount Fortune,29,28,20,E,1.6,75,55,1013
2019-09-12,Anguilla,Mount Fortune,29,29,17,E,1.4,75,49,1012
2019-09-13,Anguilla,Mount Fortune,29,29,22,ESE,2.4,79,32,1014
2019-09-14,Anguilla,Mount Fortune,29,29,29,E,1.8,80,49,1014
2019-09-15,Anguilla,Mount Fortune,29,29,29,E,3.9,80,46,1014
2019-09-16,Anguilla,Mount Fortune,29,29,27,E,0.3,79,47,1013
2019-09-17,Anguilla,Mount Fortune,29,28,30,ESE,0.3,78,40,1013
2019-09-18,Anguilla,Mount Fortune,29,28,26,ESE,0.3,78,29,1011
2019-09-19,Anguilla,Mount Fortune,29,28,21,E,1.8,78,27,1010
2019-09-20,Anguilla,Mount Fortune,30,28,13,ENE,11.2,76,20,1011
2019-09-21,Anguilla,Mount Fortune,29,29,22,SSE,2.2,79,42,1013
2019-09-22,Anguilla,Mount Fortune,29,29,30,ESE,3.2,79,37,1013
2019-09-23,Anguilla,Mount Fortune,29,28,29,ESE,10.1,77,36,1012
2019-09-24,Anguilla,Mount Fortune,29,28,38,SSE,22.8,78,54,1011
2019-09-25,Anguilla,Mount Fortune,29,27,25,S,9.3,76,37,1013
2019-09-26,Anguilla,Mount Fortune,29,28,15,SSE,3.4,78,22,1013
2019-09-27,Anguilla,Mount Fortune,29,28,15,E,1.8,73,23,1014
2019-09-28,Anguilla,Mount Fortune,28,27,15,E,0.7,75,33,1013
2019-09-29,Anguilla,Mount Fortune,29,28,14,SE,2.0,70,41,1012
2019-09-30,Anguilla,Mount Fortune,28,28,17,SSE,0.1,69,27,1011
2019-10-01,Anguilla,Mount Fortune,29,28,16,SE,0.0,70,35,1012
2019-10-02,Anguilla,Mount Fortune,29,28,19,SE,0.1,70,23,1012
2019-10-03,Anguilla,Mount Fortune,29,28,22,ESE,0.1,75,63,1014
2019-10-04,Anguilla,Mount Fortune,29,28,19,E,1.5,78,28,1014
2019-10-05,Anguilla,Mount Fortune,29,28,23,ESE,3.7,77,23,1013
2019-10-06,Anguilla,Mount Fortune,29,28,23,ESE,3.4,78,46,1014
2019-10-07,Anguilla,Mount Fortune,29,28,32,E,0.9,78,31,1014
2019-10-08,Anguilla,Mount Fortune,29,28,30,E,0.2,75,39,1014
2019-10-09,Anguilla,Mount Fortune,28,28,24,E,0.8,76,26,1013
2019-10-10,Anguilla,Mount Fortune,28,27,19,E,0.0,66,16,1011
2019-10-11,Anguilla,Mount Fortune,29,28,16,E,0.0,68,34,1011
2019-10-12,Anguilla,Mount Fortune,28,28,19,ESE,0.0,63,16,1012
2019-10-13,Anguilla,Mount Fortune,29,28,16,ESE,0.7,70,41,1013
2019-10-14,Anguilla,Mount Fortune,29,28,21,E,7.6,71,31,1014
2019-10-15,Anguilla,Mount Fortune,29,28,19,ESE,1.6,69,42,1014
2019-10-16,Anguilla,Mount Fortune,29,28,15,E,0.6,66,29,1014
2019-10-17,Anguilla,Mount Fortune,29,28,22,ENE,0.6,70,28,1014
2019-10-18,Anguilla,Mount Fortune,29,28,23,E,15.5,75,31,1013
2019-10-19,Anguilla,Mount Fortune,28,28,23,ESE,4.2,76,21,1014
2019-10-20,Anguilla,Mount Fortune,28,28,26,E,3.0,78,51,1015
2019-10-21,Anguilla,Mount Fortune,28,28,23,E,2.0,77,41,1013
2019-10-22,Anguilla,Mount Fortune,28,28,21,E,1.0,74,26,1012
2019-10-23,Anguilla,Mount Fortune,28,28,22,ESE,7.2,76,31,1012
2019-10-24,Anguilla,Mount Fortune,28,28,24,E,5.2,77,47,1013
2019-10-25,Anguilla,Mount Fortune,28,28,24,ENE,0.4,76,30,1014
2019-10-26,Anguilla,Mount Fortune,28,28,23,E,2.1,75,37,1014
2019-10-27,Anguilla,Mount Fortune,28,28,24,E,7.0,78,32,1014
2019-10-28,Anguilla,Mount Fortune,28,27,30,ENE,1.7,79,50,1014
2019-10-29,Anguilla,Mount Fortune,28,27,30,ENE,1.2,74,32,1012
2019-10-30,Anguilla,Mount Fortune,28,27,25,ENE,0.4,70,24,1012
2019-10-31,Anguilla,Mount Fortune,28,27,21,E,2.3,76,26,1013
2019-11-01,Anguilla,Mount Fortune,27,27,21,ENE,9.4,73,23,1013
2019-11-02,Anguilla,Mount Fortune,27,27,18,ENE,11.2,71,25,1012
2019-11-03,Anguilla,Mount Fortune,28,27,21,E,1.6,70,41,1012
2019-11-04,Anguilla,Mount Fortune,28,28,27,E,8.6,75,21,1013
2019-11-05,Anguilla,Mount Fortune,28,28,34,E,1.7,77,51,1015
2019-11-06,Anguilla,Mount Fortune,28,27,34,E,0.8,78,48,1015
2019-11-07,Anguilla,Mount Fortune,28,27,31,E,1.7,77,34,1014
2019-11-08,Anguilla,Mount Fortune,28,27,28,E,2.5,78,51,1012
2019-11-09,Anguilla,Mount Fortune,28,27,25,E,4.3,77,46,1012
2019-11-10,Anguilla,Mount Fortune,28,27,25,ESE,2.3,77,52,1013
2019-11-11,Anguilla,Mount Fortune,27,27,26,E,1.6,77,33,1013
2019-11-12,Anguilla,Mount Fortune,27,26,26,E,0.3,75,36,1012
2019-11-13,Anguilla,Mount Fortune,27,27,19,E,0.5,75,46,1013
2019-11-14,Anguilla,Mount Fortune,27,27,26,ENE,2.1,77,32,1013
2019-11-15,Anguilla,Mount Fortune,27,27,24,ENE,0.3,76,39,1012
2019-11-16,Anguilla,Mount Fortune,27,22,17,ENE,4.1,77,66,1009
2019-11-17,Anguilla,Mount Fortune,28,27,13,ENE,0.2,71,46,1008
2019-11-18,Anguilla,Mount Fortune,28,27,10,E,0.4,73,59,1010
2019-11-19,Anguilla,Mount Fortune,27,23,5,SE,0.0,70,45,1012
2019-11-20,Anguilla,Mount Fortune,27,27,8,WSW,0.0,69,38,1013
2019-11-21,Anguilla,Mount Fortune,27,27,14,E,13.0,75,78,1012
2019-11-22,Anguilla,Mount Fortune,27,26,27,NNE,12.8,79,66,1011
2019-11-23,Anguilla,Mount Fortune,27,26,29,NE,1.5,72,43,1013
2019-11-24,Anguilla,Mount Fortune,27,27,28,ENE,0.6,77,50,1013
2019-11-25,Anguilla,Mount Fortune,28,27,23,E,1.2,81,54,1013
2019-11-26,Anguilla,Mount Fortune,28,27,27,E,0.4,81,46,1014
2019-11-27,Anguilla,Mount Fortune,28,27,26,ENE,2.3,77,28,1015
2019-11-28,Anguilla,Mount Fortune,27,27,23,ENE,5.9,72,37,1013
2019-11-29,Anguilla,Mount Fortune,27,27,15,NE,1.3,68,37,1011
2019-11-30,Anguilla,Mount Fortune,27,26,3,SSE,9.1,70,49,1011
2019-12-01,Anguilla,Mount Fortune,28,26,15,E,1.6,71,52,1014
2019-12-02,Anguilla,Mount Fortune,28,27,24,ESE,7.9,79,43,1015
2019-12-03,Anguilla,Mount Fortune,28,28,21,SE,21.1,79,16,1014
2019-12-04,Anguilla,Mount Fortune,28,27,22,ESE,6.6,79,48,1014
2019-12-05,Anguilla,Mount Fortune,28,27,26,ESE,1.3,79,67,1015
2019-12-06,Anguilla,Mount Fortune,27,27,27,E,1.4,78,67,1016
2019-12-07,Anguilla,Mount Fortune,27,26,27,E,2.6,77,69,1015
2019-12-08,Anguilla,Mount Fortune,27,26,22,ENE,0.7,76,28,1015
2019-12-09,Anguilla,Mount Fortune,27,27,31,E,5.4,76,35,1016
2019-12-10,Anguilla,Mount Fortune,27,27,33,E,5.1,75,31,1016
2019-12-11,Anguilla,Mount Fortune,27,26,33,ENE,13.5,75,33,1015
2019-12-12,Anguilla,Mount Fortune,27,27,33,E,10.2,75,29,1014
2019-12-13,Anguilla,Mount Fortune,27,26,33,E,9.3,76,33,1013
2019-12-14,Anguilla,Mount Fortune,27,26,30,E,3.4,78,49,1015
2019-12-15,Anguilla,Mount Fortune,27,27,30,E,2.8,77,36,1016
2019-12-16,Anguilla,Mount Fortune,27,26,34,E,21.5,77,35,1016
2019-12-17,Anguilla,Mount Fortune,27,27,39,E,5.8,75,41,1015
2019-12-18,Anguilla,Mount Fortune,27,27,34,E,0.7,75,27,1015
2019-12-19,Anguilla,Mount Fortune,27,26,29,ESE,0.9,77,38,1016
2019-12-20,Anguilla,Mount Fortune,27,26,26,E,3.4,75,25,1016
2019-12-21,Anguilla,Mount Fortune,26,26,26,E,3.0,78,38,1015
2019-12-22,Anguilla,Mount Fortune,26,26,26,E,2.2,77,30,1016
2019-12-23,Anguilla,Mount Fortune,27,26,29,E,0.7,77,31,1016
2019-12-24,Anguilla,Mount Fortune,27,26,28,SE,1.0,77,34,1013
2019-12-25,Anguilla,Mount Fortune,27,27,24,SSE,0.8,79,35,1011
2019-12-26,Anguilla,Mount Fortune,27,27,22,S,2.8,79,24,1012
2019-12-27,Anguilla,Mount Fortune,27,26,19,E,12.2,77,46,1014
2019-12-28,Anguilla,Mount Fortune,27,26,32,ENE,10.6,77,22,1014
2019-12-29,Anguilla,Mount Fortune,27,26,23,ENE,7.8,78,43,1013
2019-12-30,Anguilla,Mount Fortune,26,26,35,ENE,8.9,81,54,1014
2019-12-31,Anguilla,Mount Fortune,27,23,27,E,10.2,80,51,1014
2020-01-01,Anguilla,Mount Fortune,26,21,23,E,6.5,81,66,1014
2020-01-02,Anguilla,Mount Fortune,26,23,25,E,3.7,79,59,1016
2020-01-03,Anguilla,Mount Fortune,26,20,25,ENE,0.2,77,49,1018
2020-01-04,Anguilla,Mount Fortune,26,26,28,ENE,2.3,77,43,1017
2020-01-05,Anguilla,Mount Fortune,26,22,22,E,1.2,75,66,1016
2020-01-06,Anguilla,Mount Fortune,26,25,26,ENE,0.9,72,37,1015
2020-01-07,Anguilla,Mount Fortune,26,21,26,E,1.3,77,62,1016
2020-01-08,Anguilla,Mount Fortune,27,20,28,E,1.0,76,73,1018
2020-01-09,Anguilla,Mount Fortune,27,24,35,ENE,7.7,77,67,1019
2020-01-10,Anguilla,Mount Fortune,27,26,45,ENE,4.1,73,76,1020
2020-01-11,Anguilla,Mount Fortune,26,22,49,ENE,2.6,73,71,1020
2020-01-12,Anguilla,Mount Fortune,26,21,46,ENE,4.6,74,71,1020
2020-01-13,Anguilla,Mount Fortune,26,21,49,ENE,6.3,72,75,1020
2020-01-14,Anguilla,Mount Fortune,26,20,42,E,15.4,74,68,1018
2020-01-15,Anguilla,Mount Fortune,25,20,35,E,14.8,77,68,1017
2020-01-16,Anguilla,Mount Fortune,25,19,27,ENE,0.4,75,51,1018
2020-01-17,Anguilla,Mount Fortune,26,20,22,ENE,0.2,73,32,1018
2020-01-18,Anguilla,Mount Fortune,25,25,31,NE,2.6,76,52,1019
2020-01-19,Anguilla,Mount Fortune,25,19,42,ENE,8.3,79,74,1018
2020-01-20,Anguilla,Mount Fortune,25,19,37,E,12.6,79,73,1017
2020-01-21,Anguilla,Mount Fortune,25,21,30,ESE,9.7,79,53,1015
2020-01-22,Anguilla,Mount Fortune,25,25,20,ESE,0.1,73,43,1013
2020-01-23,Anguilla,Mount Fortune,25,19,22,SSE,3.2,79,73,1012
2020-01-24,Anguilla,Mount Fortune,26,20,7,SSW,18.3,77,67,1013
2020-01-25,Anguilla,Mount Fortune,26,21,15,E,7.7,79,70,1015
2020-01-26,Anguilla,Mount Fortune,25,25,17,ENE,13.3,79,75,1015
2020-01-27,Anguilla,Mount Fortune,26,25,18,E,4.3,76,63,1015
2020-01-28,Anguilla,Mount Fortune,25,19,17,SSE,0.0,74,27,1014
2020-01-29,Anguilla,Mount Fortune,26,25,8,S,0.1,74,48,1014
2020-01-30,Anguilla,Mount Fortune,26,25,11,ESE,0.6,74,44,1016
2020-01-31,Anguilla,Mount Fortune,26,25,16,E,0.1,75,38,1017
2020-02-01,Anguilla,Mount Fortune,25,22,25,ENE,4.7,80,65,1017
2020-02-02,Anguilla,Mount Fortune,26,21,20,SE,1.4,78,64,1016
2020-02-03,Anguilla,Mount Fortune,26,21,16,ESE,0.1,73,46,1018
2020-02-04,Anguilla,Mount Fortune,26,24,24,E,0.9,77,65,1018
2020-02-05,Anguilla,Mount Fortune,26,25,32,E,2.6,79,65,1018
2020-02-06,Anguilla,Mount Fortune,26,21,34,E,1.5,77,70,1018
2020-02-07,Anguilla,Mount Fortune,26,22,37,E,1.6,76,72,1019
2020-02-08,Anguilla,Mount Fortune,26,25,38,ENE,1.7,76,70,1019
2020-02-09,Anguilla,Mount Fortune,26,23,34,E,2.0,76,63,1019
2020-02-10,Anguilla,Mount Fortune,26,25,32,E,2.2,76,70,1020
2020-02-11,Anguilla,Mount Fortune,25,19,32,E,1.9,75,77,1019
2020-02-12,Anguilla,Mount Fortune,26,20,33,ENE,4.7,77,65,1018
2020-02-13,Anguilla,Mount Fortune,26,21,37,ENE,1.5,74,54,1018
2020-02-14,Anguilla,Mount Fortune,26,21,35,E,6.7,77,68,1018
2020-02-15,Anguilla,Mount Fortune,26,20,32,E,16.9,79,69,1017
2020-02-16,Anguilla,Mount Fortune,26,22,32,E,36.7,77,81,1016
2020-02-17,Anguilla,Mount Fortune,26,19,32,E,0.4,77,49,1016
2020-02-18,Anguilla,Mount Fortune,26,25,35,E,1.4,75,56,1018
2020-02-19,Anguilla,Mount Fortune,26,25,34,E,2.6,75,73,1017
2020-02-20,Anguilla,Mount Fortune,26,25,33,E,1.4,73,70,1017
2020-02-21,Anguilla,Mount Fortune,25,25,26,E,0.9,74,49,1016
2020-02-22,Anguilla,Mount Fortune,26,25,15,ESE,3.0,72,61,1015
2020-02-23,Anguilla,Mount Fortune,26,25,13,S,0.0,70,20,1015
2020-02-24,Anguilla,Mount Fortune,26,25,11,NE,0.0,67,3,1015
2020-02-25,Anguilla,Mount Fortune,25,21,22,ENE,2.8,76,41,1016
2020-02-26,Anguilla,Mount Fortune,25,20,25,ENE,2.0,80,66,1016
2020-02-27,Anguilla,Mount Fortune,25,19,24,ENE,2.6,80,71,1016
2020-02-28,Anguilla,Mount Fortune,25,21,27,ENE,1.9,80,65,1016
2020-03-01,Anguilla,Mount Fortune,25,18,17,E,0.8,74,49,1017
2020-03-02,Anguilla,Mount Fortune,25,25,21,ENE,0.5,72,44,1017
2020-03-03,Anguilla,Mount Fortune,25,25,26,ENE,0.9,76,65,1017
2020-03-04,Anguilla,Mount Fortune,26,20,25,E,1.2,78,64,1018
2020-03-05,Anguilla,Mount Fortune,25,25,26,E,1.8,78,77,1019
2020-03-06,Anguilla,Mount Fortune,26,25,24,E,0.7,75,53,1018
2020-03-07,Anguilla,Mount Fortune,25,25,23,ESE,1.6,77,50,1016
2020-03-08,Anguilla,Mount Fortune,25,25,21,E,0.0,70,18,1017
2020-03-09,Anguilla,Mount Fortune,25,19,30,ENE,15.0,76,68,1018
2020-03-10,Anguilla,Mount Fortune,26,22,31,E,0.4,72,52,1018
2020-03-11,Anguilla,Mount Fortune,25,25,21,E,4.5,76,76,1015
2020-03-12,Anguilla,Mount Fortune,26,19,23,ESE,3.1,76,43,1014
2020-03-13,Anguilla,Mount Fortune,26,19,19,E,1.2,76,56,1016
2020-03-14,Anguilla,Mount Fortune,26,25,19,NE,2.2,74,63,1016
2020-03-15,Anguilla,Mount Fortune,25,24,23,NNE,2.4,74,63,1015
2020-03-16,Anguilla,Mount Fortune,25,20,13,WSW,0.5,66,37,1015
2020-03-17,Anguilla,Mount Fortune,26,24,15,ESE,1.3,71,49,1015
2020-03-18,Anguilla,Mount Fortune,26,23,26,ENE,0.6,78,57,1017
2020-03-19,Anguilla,Mount Fortune,26,23,30,ENE,6.4,77,63,1018
2020-03-20,Anguilla,Mount Fortune,25,23,36,ENE,4.5,75,71,1018
2020-03-21,Anguilla,Mount Fortune,25,25,38,ENE,13.9,76,57,1017
2020-03-22,Anguilla,Mount Fortune,25,21,35,ENE,1.6,76,60,1018
2020-03-23,Anguilla,Mount Fortune,25,21,34,ENE,1.0,77,72,1019
2020-03-24,Anguilla,Mount Fortune,25,18,27,ENE,0.5,74,40,1018
2020-03-25,Anguilla,Mount Fortune,25,24,22,E,0.9,72,45,1016
2020-03-26,Anguilla,Mount Fortune,26,25,19,ESE,2.1,76,59,1014
2020-03-27,Anguilla,Mount Fortune,26,25,16,ENE,1.3,71,56,1013
2020-03-28,Anguilla,Mount Fortune,26,25,26,ENE,2.2,77,56,1015
2020-03-29,Anguilla,Mount Fortune,26,19,29,ENE,0.6,77,56,1017
2020-03-30,Anguilla,Mount Fortune,25,19,27,NE,1.4,75,75,1016
2020-03-31,Anguilla,Mount Fortune,25,19,24,ENE,1.0,72,61,1014
2020-04-01,Anguilla,Mount Fortune,26,25,19,ESE,0.2,69,43,1013
2020-04-02,Anguilla,Mount Fortune,25,21,13,SE,0.0,68,37,1014
2020-04-03,Anguilla,Mount Fortune,26,25,11,SSE,0.0,68,24,1013
2020-04-04,Anguilla,Mount Fortune,27,25,6,SW,0.0,69,9,1012
2020-04-05,Anguilla,Mount Fortune,26,26,7,WSW,0.0,68,30,1014
2020-04-06,Anguilla,Mount Fortune,26,25,14,NE,0.2,77,69,1016
2020-04-07,Anguilla,Mount Fortune,26,25,19,NE,0.0,75,65,1016
2020-04-08,Anguilla,Mount Fortune,26,20,24,ENE,10.4,82,72,1015
2020-04-09,Anguilla,Mount Fortune,27,26,17,SE,0.2,76,63,1013
2020-04-10,Anguilla,Mount Fortune,27,26,19,SE,0.4,78,60,1014
2020-04-11,Anguilla,Mount Fortune,27,26,18,ESE,0.3,76,61,1016
2020-04-12,Anguilla,Mount Fortune,27,26,21,E,0.1,74,50,1018
2020-04-13,Anguilla,Mount Fortune,27,26,29,ENE,0.3,78,48,1018
2020-04-14,Anguilla,Mount Fortune,26,25,30,ENE,0.8,78,61,1016
2020-04-15,Anguilla,Mount Fortune,26,26,27,ENE,0.7,77,58,1016
2020-04-16,Anguilla,Mount Fortune,26,22,25,E,2.9,77,67,1017
2020-04-17,Anguilla,Mount Fortune,26,26,22,ENE,0.5,79,45,1018
2020-04-18,Anguilla,Mount Fortune,27,24,27,E,3.3,77,60,1017
2020-04-19,Anguilla,Mount Fortune,26,20,25,E,0.4,78,63,1017
2020-04-20,Anguilla,Mount Fortune,26,21,26,E,4.1,75,50,1017
2020-04-21,Anguilla,Mount Fortune,26,26,26,E,0.6,76,52,1017
2020-04-22,Anguilla,Mount Fortune,27,26,22,ESE,0.3,78,48,1016
2020-04-23,Anguilla,Mount Fortune,27,25,25,E,0.3,78,43,1016
2020-04-24,Anguilla,Mount Fortune,27,26,30,E,0.6,77,47,1017
2020-04-25,Anguilla,Mount Fortune,27,26,32,E,0.1,73,21,1017
2020-04-26,Anguilla,Mount Fortune,27,21,31,E,0.8,75,49,1018
2020-04-27,Anguilla,Mount Fortune,27,21,29,E,2.6,77,45,1017
2020-04-28,Anguilla,Mount Fortune,27,26,23,E,1.9,76,69,1017
2020-04-29,Anguilla,Mount Fortune,27,20,24,ESE,4.5,76,62,1016
2020-04-30,Anguilla,Mount Fortune,27,22,28,ESE,1.4,78,62,1016
2020-05-01,Anguilla,Mount Fortune,27,24,28,ESE,0.9,77,49,1017
2020-05-02,Anguilla,Mount Fortune,27,20,26,ESE,3.4,78,56,1017
2020-05-03,Anguilla,Mount Fortune,27,26,23,E,0.2,79,37,1016
2020-05-04,Anguilla,Mount Fortune,27,25,22,E,0.3,80,51,1015
2020-05-05,Anguilla,Mount Fortune,27,27,23,ESE,0.5,78,35,1015
2020-05-06,Anguilla,Mount Fortune,27,23,30,ESE,0.1,76,53,1016
2020-05-07,Anguilla,Mount Fortune,27,27,32,ESE,0.1,77,65,1017
2020-05-08,Anguilla,Mount Fortune,27,21,25,ESE,0.1,76,53,1018
2020-05-09,Anguilla,Mount Fortune,27,26,27,E,0.2,76,59,1019
2020-05-10,Anguilla,Mount Fortune,26,25,32,E,0.9,79,67,1018
2020-05-11,Anguilla,Mount Fortune,27,26,33,E,4.7,77,57,1017
2020-05-12,Anguilla,Mount Fortune,27,26,28,ESE,0.4,78,58,1016
2020-05-13,Anguilla,Mount Fortune,27,25,25,E,0.5,76,52,1016
2020-05-14,Anguilla,Mount Fortune,26,21,26,E,1.1,77,56,1017
2020-05-15,Anguilla,Mount Fortune,27,26,26,E,1.2,76,45,1017
2020-05-16,Anguilla,Mount Fortune,27,23,30,ESE,2.5,79,64,1017
2020-05-17,Anguilla,Mount Fortune,27,22,27,ESE,0.3,78,52,1017
2020-05-18,Anguilla,Mount Fortune,27,23,25,E,1.0,78,55,1017
2020-05-19,Anguilla,Mount Fortune,27,23,25,E,0.1,77,54,1016
2020-05-20,Anguilla,Mount Fortune,27,26,24,ESE,0.9,81,68,1016
2020-05-21,Anguilla,Mount Fortune,27,27,22,E,2.4,82,65,1016
2020-05-22,Anguilla,Mount Fortune,27,27,19,ESE,0.5,81,46,1016
2020-05-23,Anguilla,Mount Fortune,27,27,19,ESE,0.2,80,60,1016
2020-05-24,Anguilla,Mount Fortune,27,27,18,ESE,0.1,78,48,1016
2020-05-25,Anguilla,Mount Fortune,27,27,21,ESE,1.6,80,52,1015
2020-05-26,Anguilla,Mount Fortune,27,22,25,ESE,2.2,80,74,1015
2020-05-27,Anguilla,Mount Fortune,27,22,21,ESE,24.8,79,62,1015
2020-05-28,Anguilla,Mount Fortune,27,23,20,SE,28.5,77,66,1015
2020-05-29,Anguilla,Mount Fortune,28,26,24,ESE,3.8,78,65,1015
2020-05-30,Anguilla,Mount Fortune,27,27,25,ESE,0.4,77,62,1016
2020-05-31,Anguilla,Mount Fortune,27,27,26,E,0.8,78,59,1016
2020-06-01,Anguilla,Mount Fortune,28,27,19,ESE,0.7,79,64,1016
2020-06-02,Anguilla,Mount Fortune,27,27,24,E,0.2,80,52,1016
2020-06-03,Anguilla,Mount Fortune,27,24,28,E,0.0,79,36,1016
2020-06-04,Anguilla,Mount Fortune,28,27,30,E,0.0,78,30,1017
2020-06-05,Anguilla,Mount Fortune,27,27,30,E,0.7,79,53,1017
2020-06-06,Anguilla,Mount Fortune,28,22,28,E,0.2,76,42,1017
2020-06-07,Anguilla,Mount Fortune,27,27,23,E,0.0,78,29,1016
2020-06-08,Anguilla,Mount Fortune,27,27,17,ESE,0.0,73,22,1015
2020-06-09,Anguilla,Mount Fortune,27,24,14,ESE,1.0,74,61,1014
2020-06-10,Anguilla,Mount Fortune,27,22,17,E,1.0,75,59,1014
2020-06-11,Anguilla,Mount Fortune,28,26,22,ESE,10.5,78,72,1015
2020-06-12,Anguilla,Mount Fortune,28,27,18,ESE,2.8,77,54,1014
2020-06-13,Anguilla,Mount Fortune,28,22,21,ESE,0.4,79,56,1014
2020-06-14,Anguilla,Mount Fortune,28,25,25,E,0.8,79,39,1016
2020-06-15,Anguilla,Mount Fortune,28,27,28,E,0.5,79,43,1016
2020-06-16,Anguilla,Mount Fortune,28,27,28,E,5.9,78,65,1016
2020-06-17,Anguilla,Mount Fortune,28,23,30,E,0.6,79,53,1016
2020-06-18,Anguilla,Mount Fortune,28,23,26,ESE,1.6,79,68,1016
2020-06-19,Anguilla,Mount Fortune,28,27,30,E,2.2,80,54,1016
2020-06-20,Anguilla,Mount Fortune,28,28,29,E,2.0,80,64,1016
2020-06-21,Anguilla,Mount Fortune,28,24,32,ESE,1.1,79,59,1018
2020-06-22,Anguilla,Mount Fortune,28,28,33,E,0.4,78,68,1018
2020-06-23,Anguilla,Mount Fortune,28,22,28,E,0.5,76,73,1016
2020-06-24,Anguilla,Mount Fortune,28,28,29,E,1.3,77,59,1016
2020-06-25,Anguilla,Mount Fortune,28,25,33,E,1.3,78,56,1017
2020-06-26,Anguilla,Mount Fortune,28,28,36,E,3.3,79,55,1017
2020-06-27,Anguilla,Mount Fortune,28,25,31,E,0.6,78,58,1016
2020-06-28,Anguilla,Mount Fortune,28,24,23,ENE,0.9,79,54,1015
2020-06-29,Anguilla,Mount Fortune,28,27,24,E,3.0,77,62,1015
2020-06-30,Anguilla,Mount Fortune,28,26,26,E,2.8,80,71,1015
2020-07-01,Anguilla,Mount Fortune,28,26,30,E,2.9,79,66,1014
2020-07-02,Anguilla,Mount Fortune,28,28,26,ESE,1.5,80,50,1015
2020-07-03,Anguilla,Mount Fortune,28,28,25,E,0.1,78,54,1015
2020-07-04,Anguilla,Mount Fortune,28,22,24,E,0.7,78,56,1015
2020-07-05,Anguilla,Mount Fortune,28,24,28,E,3.7,78,72,1015
2020-07-06,Anguilla,Mount Fortune,28,22,32,E,1.7,81,68,1016
2020-07-07,Anguilla,Mount Fortune,28,28,34,E,4.0,79,69,1015
2020-07-08,Anguilla,Mount Fortune,28,23,33,ESE,7.5,81,68,1015
2020-07-09,Anguilla,Mount Fortune,28,27,31,E,0.6,76,65,1016
2020-07-10,Anguilla,Mount Fortune,28,27,33,E,0.4,78,45,1017
2020-07-11,Anguilla,Mount Fortune,28,26,34,E,6.5,79,66,1016
2020-07-12,Anguilla,Mount Fortune,29,25,33,E,2.1,80,58,1016
2020-07-13,Anguilla,Mount Fortune,28,28,29,E,0.7,79,67,1017
2020-07-14,Anguilla,Mount Fortune,28,23,28,ENE,0.4,79,48,1016
2020-07-15,Anguilla,Mount Fortune,27,23,22,E,3.9,78,76,1014
2020-07-16,Anguilla,Mount Fortune,28,23,23,ESE,5.7,78,65,1015
2020-07-17,Anguilla,Mount Fortune,28,24,25,E,2.6,77,44,1015
2020-07-18,Anguilla,Mount Fortune,28,27,21,E,0.0,74,29,1014
2020-07-19,Anguilla,Mount Fortune,28,24,22,E,4.3,77,49,1013
2020-07-20,Anguilla,Mount Fortune,28,21,26,E,1.7,78,57,1014
2020-07-21,Anguilla,Mount Fortune,28,22,22,ESE,18.3,76,56,1014
2020-07-22,Anguilla,Mount Fortune,28,21,29,E,0.8,77,66,1015
2020-07-23,Anguilla,Mount Fortune,28,28,30,E,1.7,77,60,1015
2020-07-24,Anguilla,Mount Fortune,29,21,35,E,1.5,80,68,1015
2020-07-25,Anguilla,Mount Fortune,29,28,36,E,1.4,78,43,1015
2020-07-26,Anguilla,Mount Fortune,28,28,30,ENE,0.7,81,59,1016
2020-07-27,Anguilla,Mount Fortune,28,27,29,ENE,1.4,81,63,1015
2020-07-28,Anguilla,Mount Fortune,29,22,32,E,2.8,82,67,1015
2020-07-29,Anguilla,Mount Fortune,28,22,40,ENE,0.7,76,59,1014
2020-07-30,Anguilla,Mount Fortune,28,21,42,E,4.0,81,80,1009
2020-07-31,Anguilla,Mount Fortune,28,28,30,E,0.4,78,57,1015
2020-08-01,Anguilla,Mount Fortune,28,28,20,E,1.9,78,56,1014
2020-08-02,Anguilla,Mount Fortune,28,23,11,E,0.6,76,42,1014
2020-08-03,Anguilla,Mount Fortune,28,28,18,SE,3.9,81,62,1016
2020-08-04,Anguilla,Mount Fortune,28,25,25,E,0.4,81,51,1017
2020-08-05,Anguilla,Mount Fortune,28,27,23,E,1.7,78,46,1016
2020-08-06,Anguilla,Mount Fortune,28,26,21,ESE,0.3,77,46,1016
2020-08-07,Anguilla,Mount Fortune,28,27,29,E,9.2,81,58,1017
2020-08-08,Anguilla,Mount Fortune,28,28,30,E,0.0,79,39,1018
2020-08-09,Anguilla,Mount Fortune,28,28,26,ENE,2.5,80,74,1017
2020-08-10,Anguilla,Mount Fortune,28,27,22,E,3.9,78,73,1015
2020-08-11,Anguilla,Mount Fortune,28,28,25,E,3.9,79,50,1013
2020-08-12,Anguilla,Mount Fortune,29,22,29,E,9.7,81,69,1014
2020-08-13,Anguilla,Mount Fortune,29,28,32,E,0.3,77,40,1014
2020-08-14,Anguilla,Mount Fortune,28,28,29,ENE,2.0,78,66,1013
2020-08-15,Anguilla,Mount Fortune,29,23,15,E,1.1,75,57,1011
2020-08-16,Anguilla,Mount Fortune,29,28,20,SE,0.4,80,56,1013
2020-08-17,Anguilla,Mount Fortune,29,28,31,E,0.5,78,65,1013
2020-08-18,Anguilla,Mount Fortune,29,28,34,E,0.4,77,71,1013
2020-08-19,Anguilla,Mount Fortune,28,23,30,E,0.6,76,60,1014
2020-08-20,Anguilla,Mount Fortune,28,28,28,ENE,2.6,79,70,1013
2020-08-21,Anguilla,Mount Fortune,29,23,28,ENE,8.2,80,62,1011
2020-08-22,Anguilla,Mount Fortune,28,26,42,SE,31.7,80,74,1010
2020-08-23,Anguilla,Mount Fortune,28,22,32,E,6.4,79,61,1015
2020-08-24,Anguilla,Mount Fortune,28,22,27,ENE,7.7,78,78,1014
2020-08-25,Anguilla,Mount Fortune,28,28,26,ESE,6.3,80,70,1013
2020-08-26,Anguilla,Mount Fortune,28,23,24,E,0.6,81,52,1014
2020-08-27,Anguilla,Mount Fortune,28,24,27,E,1.1,81,62,1015
2020-08-28,Anguilla,Mount Fortune,28,23,29,E,0.1,77,71,1016
2020-08-29,Anguilla,Mount Fortune,28,24,29,ENE,0.6,76,67,1014
2020-08-30,Anguilla,Mount Fortune,28,24,31,ENE,0.8,77,57,1013
2020-08-31,Anguilla,Mount Fortune,28,24,24,E,7.6,81,71,1013
2020-09-01,Anguilla,Mount Fortune,28,28,21,ESE,8.3,80,61,1013
2020-09-02,Anguilla,Mount Fortune,28,25,29,E,2.3,81,63,1012
2020-09-03,Anguilla,Mount Fortune,28,28,23,E,3.6,80,59,1012
2020-09-04,Anguilla,Mount Fortune,28,25,25,E,2.1,80,70,1014
2020-09-05,Anguilla,Mount Fortune,28,28,25,E,0.9,80,54,1015
2020-09-06,Anguilla,Mount Fortune,28,28,21,E,1.2,78,64,1013
2020-09-07,Anguilla,Mount Fortune,28,23,19,E,20.6,77,58,1010
2020-09-08,Anguilla,Mount Fortune,28,25,19,ESE,8.1,79,76,1011
2020-09-09,Anguilla,Mount Fortune,28,24,26,E,0.9,80,62,1013
2020-09-10,Anguilla,Mount Fortune,28,27,22,ENE,1.0,76,56,1013
2020-09-11,Anguilla,Mount Fortune,28,27,16,NE,3.6,76,61,1010
2020-09-12,Anguilla,Mount Fortune,29,28,10,NE,0.9,72,57,1009
2020-09-13,Anguilla,Mount Fortune,28,28,16,ESE,0.2,74,36,1012
2020-09-14,Anguilla,Mount Fortune,28,28,21,ESE,0.1,78,33,1015
2020-09-15,Anguilla,Mount Fortune,29,27,22,E,0.4,80,51,1015
2020-09-16,Anguilla,Mount Fortune,29,28,23,ENE,0.6,79,36,1013
2020-09-17,Anguilla,Mount Fortune,29,25,17,ENE,1.7,75,59,1012
2020-09-18,Anguilla,Mount Fortune,29,24,10,SSE,0.2,71,38,1011
2020-09-19,Anguilla,Mount Fortune,29,28,10,SSW,0.0,69,35,1011
2020-09-20,Anguilla,Mount Fortune,29,25,10,S,0.1,71,41,1012
2020-09-21,Anguilla,Mount Fortune,29,28,10,SSE,0.4,74,56,1012
2020-09-22,Anguilla,Mount Fortune,29,28,12,SE,0.0,75,48,1012
2020-09-23,Anguilla,Mount Fortune,29,26,12,ESE,5.9,77,44,1013
2020-09-24,Anguilla,Mount Fortune,29,28,14,ESE,8.3,78,52,1015
2020-09-25,Anguilla,Mount Fortune,29,28,18,E,6.4,78,59,1015
2020-09-26,Anguilla,Mount Fortune,29,28,23,ENE,3.0,79,52,1014
2020-09-27,Anguilla,Mount Fortune,28,22,26,E,2.2,80,63,1011
2020-09-28,Anguilla,Mount Fortune,29,24,28,E,2.3,76,65,1012
2020-09-29,Anguilla,Mount Fortune,29,25,32,ESE,0.9,78,55,1014
2020-09-30,Anguilla,Mount Fortune,29,23,30,E,9.6,80,69,1015
2020-10-01,Anguilla,Mount Fortune,29,23,35,E,0.8,78,49,1013
2020-10-02,Anguilla,Mount Fortune,28,28,30,E,1.6,78,57,1013
2020-10-03,Anguilla,Mount Fortune,28,20,22,E,7.2,77,74,1014
2020-10-04,Anguilla,Mount Fortune,28,28,28,E,8.7,78,66,1013
2020-10-05,Anguilla,Mount Fortune,28,28,27,E,4.4,79,62,1013
2020-10-06,Anguilla,Mount Fortune,28,27,22,E,0.5,75,60,1013
2020-10-07,Anguilla,Mount Fortune,28,27,19,ESE,7.6,76,60,1014
2020-10-08,Anguilla,Mount Fortune,28,21,18,E,0.7,78,49,1014
2020-10-09,Anguilla,Mount Fortune,29,24,15,E,0.1,75,48,1014
2020-10-10,Anguilla,Mount Fortune,28,28,20,ESE,7.8,79,56,1014
2020-10-11,Anguilla,Mount Fortune,28,24,23,ESE,0.5,77,46,1013
2020-10-12,Anguilla,Mount Fortune,28,23,22,E,2.9,79,69,1013
2020-10-13,Anguilla,Mount Fortune,29,28,20,ESE,0.8,75,38,1012
2020-10-14,Anguilla,Mount Fortune,29,28,21,ESE,18.4,75,62,1011
2020-10-15,Anguilla,Mount Fortune,28,25,34,ESE,10.8,77,62,1012
2020-10-16,Anguilla,Mount Fortune,28,28,31,ESE,1.6,77,55,1013
2020-10-17,Anguilla,Mount Fortune,28,22,26,E,0.9,79,55,1013
2020-10-18,Anguilla,Mount Fortune,28,27,17,NE,0.9,75,54,1011
2020-10-19,Anguilla,Mount Fortune,28,27,11,W,0.2,69,57,1009
2020-10-20,Anguilla,Mount Fortune,28,28,17,W,0.0,69,15,1010
2020-10-21,Anguilla,Mount Fortune,28,28,12,SW,0.1,68,26,1012
2020-10-22,Anguilla,Mount Fortune,28,24,17,SE,0.1,76,48,1014
2020-10-23,Anguilla,Mount Fortune,29,25,26,E,2.1,81,57,1014
2020-10-24,Anguilla,Mount Fortune,29,23,30,E,0.4,77,66,1015
2020-10-25,Anguilla,Mount Fortune,28,26,31,E,2.2,78,61,1014
2020-10-26,Anguilla,Mount Fortune,28,26,36,ENE,4.2,77,57,1014
2020-10-27,Anguilla,Mount Fortune,28,24,35,E,10.7,77,58,1013
2020-10-28,Anguilla,Mount Fortune,28,25,30,E,9.3,78,71,1011
2020-10-29,Anguilla,Mount Fortune,28,22,35,ESE,12.5,77,68,1012
2020-10-30,Anguilla,Mount Fortune,29,22,36,ESE,2.9,77,66,1013
2020-10-31,Anguilla,Mount Fortune,28,22,36,E,0.3,75,45,1014
2020-11-01,Anguilla,Mount Fortune,28,24,35,E,1.0,76,60,1014
2020-11-02,Anguilla,Mount Fortune,28,28,31,ESE,1.8,76,66,1013
2020-11-03,Anguilla,Mount Fortune,28,22,26,E,3.4,75,69,1013
2020-11-04,Anguilla,Mount Fortune,28,27,30,E,2.8,76,75,1015
2020-11-05,Anguilla,Mount Fortune,28,27,31,E,2.0,77,65,1013
2020-11-06,Anguilla,Mount Fortune,27,25,26,E,4.4,78,64,1011
2020-11-07,Anguilla,Mount Fortune,27,23,24,E,2.0,77,72,1012
2020-11-08,Anguilla,Mount Fortune,27,22,27,E,2.2,80,65,1013
2020-11-09,Anguilla,Mount Fortune,28,22,29,E,25.3,79,68,1013
2020-11-10,Anguilla,Mount Fortune,27,23,35,E,12.4,79,70,1013
2020-11-11,Anguilla,Mount Fortune,26,21,38,E,89.5,86,92,1013
2020-11-12,Anguilla,Mount Fortune,27,22,31,E,9.6,76,71,1013
2020-11-13,Anguilla,Mount Fortune,27,27,30,E,0.8,76,60,1013
2020-11-14,Anguilla,Mount Fortune,27,21,26,ENE,1.0,78,76,1012
2020-11-15,Anguilla,Mount Fortune,27,27,24,ENE,1.0,78,69,1013
2020-11-16,Anguilla,Mount Fortune,27,21,26,E,3.1,79,67,1013
2020-11-17,Anguilla,Mount Fortune,28,22,25,ESE,5.8,76,77,1013
2020-11-18,Anguilla,Mount Fortune,28,21,21,E,5.3,78,66,1014
2020-11-19,Anguilla,Mount Fortune,28,27,26,E,6.0,80,49,1014
2020-11-20,Anguilla,Mount Fortune,27,23,30,E,1.4,78,62,1014
2020-11-21,Anguilla,Mount Fortune,27,22,32,ESE,8.0,75,63,1014
2020-11-22,Anguilla,Mount Fortune,27,22,29,E,2.4,76,62,1014
2020-11-23,Anguilla,Mount Fortune,27,23,31,ESE,1.8,77,67,1014
2020-11-24,Anguilla,Mount Fortune,27,23,20,ESE,0.1,76,41,1014
2020-11-25,Anguilla,Mount Fortune,27,26,18,E,4.7,75,66,1015
2020-11-26,Anguilla,Mount Fortune,26,20,24,ENE,0.4,77,65,1014
2020-11-27,Anguilla,Mount Fortune,26,20,20,ENE,1.1,75,59,1013
2020-11-28,Anguilla,Mount Fortune,27,26,18,ENE,0.5,72,66,1013
2020-11-29,Anguilla,Mount Fortune,26,26,20,ENE,0.0,62,6,1015
2020-11-30,Anguilla,Mount Fortune,26,26,23,ENE,0.0,73,35,1015
2020-12-01,Anguilla,Mount Fortune,26,21,22,ENE,0.6,73,63,1014
2020-12-02,Anguilla,Mount Fortune,26,26,25,ENE,1.1,74,71,1014
2020-12-03,Anguilla,Mount Fortune,25,21,27,ENE,0.4,70,40,1015
2020-12-04,Anguilla,Mount Fortune,26,20,25,ENE,0.8,71,39,1016
2020-12-05,Anguilla,Mount Fortune,26,21,21,ENE,0.4,71,52,1016
2020-12-06,Anguilla,Mount Fortune,26,22,21,E,2.0,75,66,1015
2020-12-07,Anguilla,Mount Fortune,26,21,24,E,1.5,74,51,1014
2020-12-08,Anguilla,Mount Fortune,26,19,18,ESE,5.5,74,61,1015
2020-12-09,Anguilla,Mount Fortune,26,22,17,ESE,2.1,72,49,1016
2020-12-10,Anguilla,Mount Fortune,26,20,23,ENE,5.6,77,58,1015
2020-12-11,Anguilla,Mount Fortune,26,26,28,ENE,0.7,79,56,1015
2020-12-12,Anguilla,Mount Fortune,26,22,24,ENE,1.6,79,61,1015
2020-12-13,Anguilla,Mount Fortune,26,20,17,ENE,2.1,78,50,1015
2020-12-14,Anguilla,Mount Fortune,26,23,15,ENE,0.4,76,66,1014
2020-12-15,Anguilla,Mount Fortune,26,20,15,NE,0.1,73,64,1013
2020-12-16,Anguilla,Mount Fortune,26,19,14,E,0.5,72,57,1013
2020-12-17,Anguilla,Mount Fortune,26,22,22,E,1.1,79,60,1015
2020-12-18,Anguilla,Mount Fortune,27,22,27,E,1.4,80,64,1016
2020-12-19,Anguilla,Mount Fortune,27,21,27,ENE,6.0,78,67,1015
2020-12-20,Anguilla,Mount Fortune,26,20,29,ENE,1.4,78,65,1015
2020-12-21,Anguilla,Mount Fortune,26,21,30,E,9.6,77,64,1016
2020-12-22,Anguilla,Mount Fortune,26,22,30,E,0.9,78,54,1016
2020-12-23,Anguilla,Mount Fortune,26,22,28,ENE,4.3,77,48,1015
2020-12-24,Anguilla,Mount Fortune,27,22,41,ENE,5.7,76,66,1015
2020-12-25,Anguilla,Mount Fortune,26,22,34,E,1.1,74,61,1014
2020-12-26,Anguilla,Mount Fortune,26,25,21,E,1.6,74,67,1011
2020-12-27,Anguilla,Mount Fortune,26,20,21,E,1.2,75,57,1013
2020-12-28,Anguilla,Mount Fortune,26,23,20,E,0.6,77,55,1014
2020-12-29,Anguilla,Mount Fortune,26,26,13,ENE,1.1,74,54,1013
2020-12-30,Anguilla,Mount Fortune,26,25,24,NE,3.5,75,58,1013
2020-12-31,Anguilla,Mount Fortune,26,20,45,ENE,2.7,75,75,1016
2021-01-01,Anguilla,Mount Fortune,25,25,43,ENE,1.7,74,67,1019
2021-01-02,Anguilla,Mount Fortune,25,25,38,ENE,2.0,70,80,1018
2021-01-03,Anguilla,Mount Fortune,25,23,34,ENE,1.5,72,71,1017
2021-01-04,Anguilla,Mount Fortune,25,25,26,ENE,3.1,77,66,1015
2021-01-05,Anguilla,Mount Fortune,25,20,23,E,0.3,73,50,1014
2021-01-06,Anguilla,Mount Fortune,26,25,18,ENE,0.6,73,58,1014
2021-01-07,Anguilla,Mount Fortune,25,25,21,E,5.1,77,64,1015
2021-01-08,Anguilla,Mount Fortune,25,20,27,E,0.9,74,44,1016
2021-01-09,Anguilla,Mount Fortune,26,25,26,E,1.5,76,43,1016
2021-01-10,Anguilla,Mount Fortune,26,22,24,E,0.8,78,65,1017
2021-01-11,Anguilla,Mount Fortune,26,26,32,ENE,1.5,76,56,1018
2021-01-12,Anguilla,Mount Fortune,26,20,33,ENE,1.5,77,56,1018
2021-01-13,Anguilla,Mount Fortune,26,20,30,ENE,0.4,78,51,1017
2021-01-14,Anguilla,Mount Fortune,26,21,25,E,1.3,78,65,1015
2021-01-15,Anguilla,Mount Fortune,26,22,24,E,1.1,80,50,1015
2021-01-16,Anguilla,Mount Fortune,26,20,26,E,0.4,78,56,1015
2021-01-17,Anguilla,Mount Fortune,26,21,27,E,1.4,78,57,1016
2021-01-18,Anguilla,Mount Fortune,26,19,30,E,1.2,79,57,1017
2021-01-19,Anguilla,Mount Fortune,26,20,30,E,1.6,78,56,1017
2021-01-20,Anguilla,Mount Fortune,26,25,27,E,0.1,76,39,1016
2021-01-21,Anguilla,Mount Fortune,26,25,17,E,0.3,72,43,1015
2021-01-22,Anguilla,Mount Fortune,26,25,16,ENE,0.5,73,52,1015
2021-01-23,Anguilla,Mount Fortune,26,25,17,E,0.0,72,21,1016
2021-01-24,Anguilla,Mount Fortune,25,25,20,ENE,2.1,78,59,1015
2021-01-25,Anguilla,Mount Fortune,25,20,24,ENE,3.2,78,70,1016
2021-01-26,Anguilla,Mount Fortune,25,21,29,ENE,4.3,79,58,1017
2021-01-27,Anguilla,Mount Fortune,25,20,34,ENE,3.3,80,75,1017
2021-01-28,Anguilla,Mount Fortune,25,20,24,E,0.1,77,51,1016
2021-01-29,Anguilla,Mount Fortune,26,21,16,NE,1.9,75,78,1015
2021-01-30,Anguilla,Mount Fortune,25,19,18,E,7.7,77,76,1016
2021-01-31,Anguilla,Mount Fortune,26,25,28,ENE,1.2,77,44,1017
2021-02-01,Anguilla,Mount Fortune,26,25,36,ESE,0.8,75,64,1016
2021-02-02,Anguilla,Mount Fortune,26,26,34,SE,1.7,73,72,1015
2021-02-03,Anguilla,Mount Fortune,26,22,24,SE,2.4,73,66,1015
2021-02-04,Anguilla,Mount Fortune,26,25,20,ESE,0.3,78,34,1016
2021-02-05,Anguilla,Mount Fortune,26,23,26,E,5.1,76,59,1017
2021-02-06,Anguilla,Mount Fortune,25,20,33,E,3.6,77,66,1018
2021-02-07,Anguilla,Mount Fortune,26,20,34,E,1.1,75,59,1018
2021-02-08,Anguilla,Mount Fortune,26,25,30,E,0.6,75,50,1017
2021-02-09,Anguilla,Mount Fortune,26,25,33,ENE,2.9,75,47,1017
2021-02-10,Anguilla,Mount Fortune,25,19,32,ENE,1.5,75,43,1017
2021-02-11,Anguilla,Mount Fortune,26,23,32,E,0.4,74,36,1016
2021-02-12,Anguilla,Mount Fortune,25,19,32,E,4.8,76,62,1016
2021-02-13,Anguilla,Mount Fortune,26,20,33,E,2.0,73,65,1017
2021-02-14,Anguilla,Mount Fortune,26,25,36,E,1.8,75,36,1018
2021-02-15,Anguilla,Mount Fortune,26,22,37,E,5.2,75,64,1019
2021-02-16,Anguilla,Mount Fortune,26,24,37,E,1.4,74,66,1019
2021-02-17,Anguilla,Mount Fortune,26,19,41,ENE,8.9,78,71,1018
2021-02-18,Anguilla,Mount Fortune,26,25,41,ENE,3.3,75,78,1019
2021-02-19,Anguilla,Mount Fortune,26,23,34,E,4.2,75,78,1018
2021-02-20,Anguilla,Mount Fortune,25,25,27,E,2.5,77,68,1018
2021-02-21,Anguilla,Mount Fortune,25,25,26,E,2.7,76,67,1017
2021-02-22,Anguilla,Mount Fortune,25,20,31,ENE,1.2,74,78,1017
2021-02-23,Anguilla,Mount Fortune,25,19,32,E,3.7,74,62,1017
2021-02-24,Anguilla,Mount Fortune,25,21,34,E,2.7,74,57,1018
2021-02-25,Anguilla,Mount Fortune,25,25,36,E,4.1,73,66,1018
2021-02-26,Anguilla,Mount Fortune,25,19,39,ENE,5.8,76,52,1017
2021-02-27,Anguilla,Mount Fortune,25,20,38,ENE,0.8,74,61,1018
2021-02-28,Anguilla,Mount Fortune,26,21,41,ENE,6.6,76,77,1017
2021-03-01,Anguilla,Mount Fortune,25,24,37,ENE,1.7,75,63,1016
2021-03-02,Anguilla,Mount Fortune,25,19,31,ENE,3.2,71,64,1016
2021-03-03,Anguilla,Mount Fortune,25,21,29,E,1.9,75,47,1017
2021-03-04,Anguilla,Mount Fortune,25,23,22,ESE,0.7,77,64,1016
2021-03-05,Anguilla,Mount Fortune,26,21,23,SE,1.8,77,61,1015
2021-03-06,Anguilla,Mount Fortune,25,20,27,ESE,0.2,76,44,1016
2021-03-07,Anguilla,Mount Fortune,26,25,27,ESE,0.6,78,62,1017
2021-03-08,Anguilla,Mount Fortune,26,25,26,E,0.9,78,55,1018
2021-03-09,Anguilla,Mount Fortune,25,21,29,ENE,7.3,76,60,1017
2021-03-10,Anguilla,Mount Fortune,25,25,31,E,1.3,76,63,1017
2021-03-11,Anguilla,Mount Fortune,25,25,25,E,2.6,76,50,1016
2021-03-12,Anguilla,Mount Fortune,25,25,14,E,0.4,71,33,1016
2021-03-13,Anguilla,Mount Fortune,25,25,9,SE,0.0,69,37,1016
2021-03-14,Anguilla,Mount Fortune,25,25,14,E,0.5,69,44,1016
2021-03-15,Anguilla,Mount Fortune,25,24,13,ENE,0.0,68,36,1016
2021-03-16,Anguilla,Mount Fortune,24,24,32,NE,2.1,79,52,1016
2021-03-17,Anguilla,Mount Fortune,24,20,32,ENE,7.2,78,67,1017
2021-03-18,Anguilla,Mount Fortune,24,24,34,ENE,0.8,76,72,1017
2021-03-19,Anguilla,Mount Fortune,25,19,32,E,0.5,74,47,1016
2021-03-20,Anguilla,Mount Fortune,25,24,28,E,0.0,75,28,1016
2021-03-21,Anguilla,Mount Fortune,25,25,27,E,0.5,76,51,1016
2021-03-22,Anguilla,Mount Fortune,25,24,26,E,4.0,78,71,1016
2021-03-23,Anguilla,Mount Fortune,26,22,16,E,1.3,72,43,1015
2021-03-24,Anguilla,Mount Fortune,25,24,23,E,13.9,76,67,1016
2021-03-25,Anguilla,Mount Fortune,25,25,28,ENE,0.6,77,58,1017
2021-03-26,Anguilla,Mount Fortune,25,24,31,ENE,3.4,77,68,1017
2021-03-27,Anguilla,Mount Fortune,25,24,32,E,3.7,76,76,1017
2021-03-28,Anguilla,Mount Fortune,25,24,37,E,3.4,76,68,1017
2021-03-29,Anguilla,Mount Fortune,26,25,37,E,4.6,78,66,1018
2021-03-30,Anguilla,Mount Fortune,26,25,38,E,3.4,78,64,1018
2021-03-31,Anguilla,Mount Fortune,25,25,40,ENE,2.9,72,65,1017
2021-04-01,Anguilla,Mount Fortune,25,19,33,E,0.6,70,55,1015
2021-04-02,Anguilla,Mount Fortune,26,19,30,E,0.1,72,52,1015
2021-04-03,Anguilla,Mount Fortune,25,25,26,E,4.1,79,66,1016
2021-04-04,Anguilla,Mount Fortune,25,23,19,E,1.9,77,66,1015
2021-04-05,Anguilla,Mount Fortune,26,25,16,E,1.9,75,71,1015
2021-04-06,Anguilla,Mount Fortune,25,25,20,E,0.6,80,77,1015
2021-04-07,Anguilla,Mount Fortune,25,20,18,E,0.6,80,82,1014
2021-04-08,Anguilla,Mount Fortune,25,20,18,ENE,0.1,77,61,1014
2021-04-09,Anguilla,Mount Fortune,25,24,22,NE,0.0,69,65,1015
2021-04-10,Anguilla,Mount Fortune,25,24,22,NE,0.0,63,23,1015
2021-04-11,Anguilla,Mount Fortune,24,23,20,ENE,1.2,70,60,1015
2021-04-12,Anguilla,Mount Fortune,25,24,17,E,0.0,66,37,1015
2021-04-13,Anguilla,Mount Fortune,26,25,14,ESE,0.1,77,51,1014
2021-04-14,Anguilla,Mount Fortune,26,20,9,E,0.0,77,13,1014
2021-04-15,Anguilla,Mount Fortune,26,25,16,NE,0.4,77,49,1014
2021-04-16,Anguilla,Mount Fortune,27,19,19,ESE,6.9,80,61,1015
2021-04-17,Anguilla,Mount Fortune,27,26,21,ESE,0.0,74,21,1016
2021-04-18,Anguilla,Mount Fortune,27,26,23,ESE,0.4,75,41,1018
2021-04-19,Anguilla,Mount Fortune,26,26,28,E,0.3,73,50,1019
2021-04-20,Anguilla,Mount Fortune,26,20,30,E,1.5,75,51,1019
2021-04-21,Anguilla,Mount Fortune,26,25,31,E,4.2,74,59,1018
2021-04-22,Anguilla,Mount Fortune,26,20,28,E,1.0,77,57,1017
2021-04-23,Anguilla,Mount Fortune,26,21,24,E,7.6,75,56,1016
2021-04-24,Anguilla,Mount Fortune,26,23,25,E,0.6,70,42,1016
2021-04-25,Anguilla,Mount Fortune,26,25,28,E,4.7,73,51,1016
2021-04-26,Anguilla,Mount Fortune,26,26,25,E,2.1,74,69,1015
2021-04-27,Anguilla,Mount Fortune,26,22,24,E,12.8,71,67,1013
2021-04-28,Anguilla,Mount Fortune,26,20,30,E,9.6,72,63,1014
2021-04-29,Anguilla,Mount Fortune,26,20,28,ENE,16.6,74,64,1015
2021-04-30,Anguilla,Mount Fortune,26,26,25,E,8.4,75,70,1016
2021-05-01,Anguilla,Mount Fortune,26,26,23,E,0.9,75,54,1016
2021-05-02,Anguilla,Mount Fortune,26,20,25,ENE,4.7,77,68,1016
2021-05-03,Anguilla,Mount Fortune,26,26,30,ENE,2.1,77,58,1016
2021-05-04,Anguilla,Mount Fortune,26,26,30,E,1.4,76,60,1017
2021-05-05,Anguilla,Mount Fortune,26,23,29,ENE,1.5,76,62,1017
2021-05-06,Anguilla,Mount Fortune,26,26,27,E,1.1,75,62,1016
2021-05-07,Anguilla,Mount Fortune,26,26,28,E,0.7,74,60,1016
2021-05-08,Anguilla,Mount Fortune,27,26,28,ESE,0.8,72,38,1017
2021-05-09,Anguilla,Mount Fortune,27,23,30,E,0.9,80,63,1018
2021-05-10,Anguilla,Mount Fortune,27,26,32,E,5.6,80,75,1018
2021-05-11,Anguilla,Mount Fortune,27,24,33,E,1.0,79,74,1018
2021-05-12,Anguilla,Mount Fortune,27,26,28,E,0.3,75,69,1018
2021-05-13,Anguilla,Mount Fortune,27,23,28,E,0.7,76,61,1017
2021-05-14,Anguilla,Mount Fortune,27,26,26,ESE,1.0,77,58,1016
2021-05-15,Anguilla,Mount Fortune,27,23,23,ESE,0.6,77,58,1016
2021-05-16,Anguilla,Mount Fortune,27,26,23,ESE,6.0,76,39,1016
2021-05-17,Anguilla,Mount Fortune,27,26,23,ESE,0.2,74,58,1017
2021-05-18,Anguilla,Mount Fortune,27,26,25,ESE,0.7,75,55,1017
2021-05-19,Anguilla,Mount Fortune,27,26,23,ESE,2.4,76,60,1016
2021-05-20,Anguilla,Mount Fortune,27,26,21,ESE,0.9,74,39,1016
2021-05-21,Anguilla,Mount Fortune,27,27,22,ESE,3.5,75,48,1016
2021-05-22,Anguilla,Mount Fortune,27,24,26,ESE,0.6,76,49,1017
2021-05-23,Anguilla,Mount Fortune,27,27,28,ESE,0.2,79,27,1017
2021-05-24,Anguilla,Mount Fortune,27,27,26,E,0.2,78,49,1017
2021-05-25,Anguilla,Mount Fortune,27,27,30,E,0.4,77,58,1018
2021-05-26,Anguilla,Mount Fortune,27,26,26,E,0.5,75,70,1018
2021-05-27,Anguilla,Mount Fortune,27,26,20,ESE,0.5,75,63,1017
2021-05-28,Anguilla,Mount Fortune,27,22,19,E,1.6,76,65,1016
2021-05-29,Anguilla,Mount Fortune,27,26,24,E,0.4,72,52,1015
2021-05-30,Anguilla,Mount Fortune,27,21,29,E,2.9,74,65,1017
2021-05-31,Anguilla,Mount Fortune,27,23,28,E,3.9,74,71,1017
2021-06-01,Anguilla,Mount Fortune,27,27,29,E,3.1,75,69,1016
2021-06-02,Anguilla,Mount Fortune,27,25,25,E,1.8,75,66,1015
2021-06-03,Anguilla,Mount Fortune,27,27,29,E,1.4,74,63,1016
2021-06-04,Anguilla,Mount Fortune,27,25,30,E,1.4,75,62,1016
2021-06-05,Anguilla,Mount Fortune,27,23,31,E,4.0,78,73,1016
2021-06-06,Anguilla,Mount Fortune,27,21,31,E,1.8,78,76,1016
2021-06-07,Anguilla,Mount Fortune,27,20,33,E,18.9,77,74,1016
2021-06-08,Anguilla,Mount Fortune,27,19,31,E,20.3,81,81,1016
2021-06-09,Anguilla,Mount Fortune,26,22,24,E,27.8,83,88,1016
2021-06-10,Anguilla,Mount Fortune,26,24,22,E,10.2,80,89,1016
2021-06-11,Anguilla,Mount Fortune,26,19,16,SE,3.8,74,65,1017
2021-06-12,Anguilla,Mount Fortune,27,21,22,E,1.2,77,62,1016
2021-06-13,Anguilla,Mount Fortune,27,23,24,ESE,0.2,77,55,1017
2021-06-14,Anguilla,Mount Fortune,27,27,30,E,0.2,79,64,1018
2021-06-15,Anguilla,Mount Fortune,28,27,33,E,0.3,79,45,1018
2021-06-16,Anguilla,Mount Fortune,28,27,32,ENE,0.4,77,57,1018
2021-06-17,Anguilla,Mount Fortune,27,25,34,E,2.6,80,67,1017
2021-06-18,Anguilla,Mount Fortune,27,27,32,ESE,4.0,80,53,1019
2021-06-19,Anguilla,Mount Fortune,27,27,33,E,1.1,80,70,1019
2021-06-20,Anguilla,Mount Fortune,27,21,30,E,1.5,81,68,1019
2021-06-21,Anguilla,Mount Fortune,27,22,33,E,0.4,75,51,1018
2021-06-22,Anguilla,Mount Fortune,27,27,33,E,9.8,76,68,1018
2021-06-23,Anguilla,Mount Fortune,27,23,29,E,0.3,71,59,1017
2021-06-24,Anguilla,Mount Fortune,27,22,27,E,2.1,76,65,1016
2021-06-25,Anguilla,Mount Fortune,27,23,26,E,1.9,76,58,1015
2021-06-26,Anguilla,Mount Fortune,27,21,27,ESE,6.5,77,78,1015
2021-06-27,Anguilla,Mount Fortune,27,23,29,ESE,6.6,75,68,1016
2021-06-28,Anguilla,Mount Fortune,27,22,29,E,1.2,77,67,1018
2021-06-29,Anguilla,Mount Fortune,27,27,30,E,2.2,77,58,1019
2021-06-30,Anguilla,Mount Fortune,27,27,33,E,1.0,78,63,1018
